2617.894; 127428135972.05852
2618.376; 127509023226.93047
2618.858; 112606559542.00006
2619.34; 104165655749.04552
2619.822; 98208942500.1743
2620.304; 93595967660.733
2620.786; 89766204209.73149
2621.269; 86725602410.80284
2621.75; 83756309410.52702
2622.233; 81468278666.887
2622.715; 79229511739.69066
2623.197; 77264140983.51578
2623.679; 75475081031.22
2624.161; 73838941843.89168
2624.643; 72335100317.76462
2625.125; 70947475746.56676
2625.607; 69597758082.04475
2626.09; 68479021639.109955
2626.572; 67274702486.64787
2627.054; 66182275336.54112
2627.536; 65132995354.68815
2628.018; 64125378110.60967
2628.5; 63159035683.972496
2628.982; 62237576100.93837
2629.464; 61301925165.23949
2629.947; 60561448552.715935
2630.429; 59713511170.53049
2630.911; 58964052454.95762
2631.393; 58248705682.06376
2631.875; 57565205343.88811
2632.357; 56908657420.48873
2632.839; 56274295534.088135
2633.321; 55660180018.81786
2633.803; 55003022248.239044
2634.286; 54507630680.99561
2634.768; 53874395954.75581
2635.25; 53311236695.74483
2635.732; 52760812931.51384
2636.214; 52228304421.22195
2636.696; 51716013206.56029
2637.178; 51226596242.064896
2637.66; 50699010217.05177
2638.143; 50334850028.53555
2638.625; 49833450318.71416
2639.107; 49396219560.83557
2639.589; 48962118272.837685
2640.071; 48533599261.324905
2640.553; 48112639199.3635
2641.035; 47703991662.380325
2641.517; 47251064769.382324
2642.0; 46958127277.70581
2642.482; 46530821646.943
2642.964; 46170731758.06052
2643.446; 45817063394.03255
2643.928; 45469804934.795685
2644.41; 45127047670.17696
2644.892; 44787646297.70506
2645.374; 44453661475.647705
2645.856; 44067648876.50889
2646.339; 43832180537.65732
2646.821; 43457545281.069786
2647.303; 43146278371.88316
2647.785; 42841181517.2589
2648.267; 42544455142.94852
2648.749; 42255199273.99328
2649.231; 41973673478.15663
2649.713; 41639943112.101585
2650.196; 41451561928.86003
2650.678; 41118675943.10826
2651.16; 40840995850.33643
2651.642; 40562513315.70825
2652.124; 40287652826.73812
2652.606; 40018581023.08605
2653.088; 39756839515.38469
2653.57; 39505219558.506195
2654.052; 39206292417.61018
2654.535; 39056295767.50731
2655.017; 38767700461.40843
2655.499; 38536348771.97554
2655.981; 38304236728.79205
2656.463; 38073044078.30604
2656.945; 37842908822.47299
2657.427; 37616227807.59689
2657.909; 37336800812.62199
2658.392; 37200778600.84891
2658.874; 36925091447.66295
2659.356; 36706082966.703156
2659.838; 36488307821.51563
2660.32; 36275236913.50904
2660.802; 36068454839.4407
2661.284; 35871149800.8699
2661.766; 35625987240.36496
2662.249; 35584798789.55102
2662.73; 35215731378.4221
2663.213; 35184782249.68787
2663.695; 34958792755.48255
2664.177; 34785718363.89941
2664.659; 34605102929.07175
2665.141; 34418035751.95849
2665.623; 34225973227.787918
2666.105; 34034182085.651764
2666.587; 33791278758.959385
2667.07; 33693056761.0397
2667.552; 33463751190.43724
2668.034; 33295750324.13885
2668.516; 33132271434.216175
2668.998; 32972752973.334557
2669.48; 32814368705.012867
2669.962; 32656842913.008305
2670.444; 32444120885.93853
2670.927; 32366993828.32727
2671.409; 32151321340.417046
2671.891; 31989832060.945118
2672.373; 31830086728.310493
2672.855; 31675925419.38412
2673.337; 31527896288.708035
2673.819; 31385230518.904587
2674.301; 31248127221.28076
2674.783; 31059585129.405704
2675.266; 31005605840.991432
2675.748; 30810892133.401215
2676.23; 30663401857.18709
2676.712; 30509832861.682827
2677.194; 30354841859.32193
2677.676; 30201962842.936405
2678.158; 30056288154.441387
2678.64; 29863983255.83567
2679.123; 29868724080.79591
2679.604; 29557347131.09901
2680.087; 29572491622.776524
2680.569; 29400036716.854206
2681.051; 29280125483.843765
2681.533; 29155724340.83207
2682.015; 29028897054.779545
2682.497; 28901146993.216106
2682.979; 28776378701.536472
2683.461; 28602818150.27428
2683.944; 28566727760.633595
2684.426; 28399986996.145638
2684.908; 28287581200.50324
2685.39; 28175739545.474506
2685.872; 28066124301.709084
2686.354; 27958544492.837837
2686.836; 27854610293.6743
2687.318; 27700686359.673653
2687.801; 27680152824.761658
2688.283; 27525652958.733562
2688.765; 27420679285.61953
2689.247; 27311871128.76189
2689.729; 27200942428.035145
2690.211; 27087419242.82405
2690.693; 26970692730.920277
2691.175; 26852276009.32439
2691.657; 26679335037.04997
2692.14; 26635625383.474506
2692.622; 26457895336.807964
2693.104; 26331785454.14597
2693.586; 26207686058.69725
2694.068; 26090180819.926353
2694.55; 25980577449.62614
2695.032; 25880156922.83824
2695.514; 25734305925.94805
2695.997; 25721154069.995514
2696.479; 25575328540.94487
2696.961; 25476732456.141457
2697.443; 25373685918.657166
2697.925; 25270187422.53292
2698.407; 25168865730.919956
2698.889; 25073496648.71232
2699.371; 24932483076.894836
2699.854; 24924423837.386856
2700.336; 24786012436.823853
2700.818; 24694509284.908405
2701.3; 24596232049.156624
2701.782; 24492755801.354893
2702.264; 24385184980.013042
2702.746; 24275796725.339504
2703.228; 24169348011.323166
2703.71; 24016860463.52031
2704.193; 23998377991.51551
2704.675; 23855701401.247845
2705.157; 23766615084.665054
2705.639; 23678420747.560604
2706.121; 23591621019.55757
2706.603; 23505179633.663643
2707.085; 23420482041.173225
2707.567; 23286741308.48473
2708.05; 23282006093.434303
2708.532; 23151330916.45352
2709.014; 23073310027.81678
2709.496; 22998043947.194626
2709.978; 22927479434.287064
2710.46; 22860249357.207523
2710.942; 22793848037.61432
2711.424; 22727185227.20708
2711.906; 22606745998.0829
2712.389; 22606595854.95938
2712.871; 22471364746.542057
2713.353; 22378061395.16285
2713.835; 22278468073.82739
2714.317; 22177707642.381195
2714.799; 22079126901.32896
2715.281; 21987253176.9797
2715.763; 21853423339.63205
2716.246; 21852701677.09599
2716.728; 21731905107.12842
2717.21; 21664425504.161125
2717.692; 21598468077.240086
2718.174; 21534097716.2003
2718.656; 21469433826.94896
2719.138; 21404257902.09321
2719.62; 21285091829.12842
2720.103; 21336613091.67942
2720.584; 21083461048.761974
2721.067; 21125000206.269573
2721.549; 20987656709.794876
2722.031; 20897784596.313587
2722.513; 20804810437.60626
2722.995; 20711674095.587337
2723.477; 20619718524.905457
2723.959; 20532040421.578346
2724.441; 20400317898.90368
2724.924; 20397180765.725792
2725.406; 20274805520.04991
2725.888; 20205230464.74787
2726.37; 20139081010.768448
2726.852; 20077754107.393158
2727.334; 20020347520.36374
2727.816; 19967225102.525227
2728.298; 19867573334.21951
2728.781; 19889962634.120632
2729.263; 19786281048.293713
2729.745; 19725918437.59152
2730.227; 19659470664.041683
2730.709; 19588757496.28996
2731.191; 19513820160.827496
2731.673; 19434766091.207447
2732.155; 19353757649.15196
2732.637; 19222671408.578728
2733.12; 19211812221.8347
2733.602; 19078021431.26711
2734.084; 18992857183.947544
2734.566; 18910440214.85073
2735.048; 18835165465.810543
2735.53; 18768734977.95757
2736.012; 18712941193.766777
2736.494; 18616377649.55267
2736.977; 18693851101.81523
2737.458; 18484191183.8876
2737.941; 18561633388.370777
2738.423; 18466338584.812134
2738.905; 18414094922.14192
2739.387; 18354766235.83663
2739.869; 18290725283.391815
2740.351; 18223388690.356613
2740.833; 18156104119.55412
2741.315; 18042490844.25593
2741.798; 18049892875.549652
2742.28; 17938829895.729595
2742.762; 17876207103.258812
2743.244; 17814849093.248306
2743.726; 17756785864.76236
2744.208; 17701809235.18775
2744.69; 17650880469.332718
2745.172; 17555427344.741055
2745.655; 17579135796.771458
2746.137; 17482804751.29641
2746.619; 17431242590.26069
2747.101; 17377680434.792175
2747.583; 17324711887.871418
2748.065; 17272775038.54179
2748.547; 17221721155.64948
2749.029; 17172632952.407486
2749.511; 17077272738.456064
2749.994; 17098125341.671537
2750.476; 16997402775.856684
2750.958; 16938720410.67964
2751.44; 16875859280.822489
2751.922; 16812213838.040173
2752.404; 16749850381.922197
2752.886; 16692368457.523588
2753.368; 16594251547.659187
2753.851; 16618299347.612263
2754.333; 16528612249.652176
2754.815; 16486044145.460846
2755.297; 16441640953.44214
2755.779; 16394741089.867846
2756.261; 16343333347.51004
2756.743; 16287901269.39032
2757.225; 16181819418.8607
2757.708; 16187877730.247015
2758.19; 16074273665.225037
2758.672; 16005145529.641901
2759.154; 15936381657.539598
2759.636; 15871332026.72801
2760.118; 15810566576.2797
2760.6; 15753938763.523958
2761.082; 15702817413.194975
2761.564; 15610873925.109695
2762.047; 15637534214.77741
2762.529; 15551092732.12111
2763.011; 15510455720.822905
2763.493; 15468337639.873821
2763.975; 15424746941.465881
2764.457; 15378102953.345514
2764.939; 15329124804.240618
2765.421; 15232275292.796507
2765.904; 15247740742.112309
2766.386; 15148037779.35634
2766.868; 15094315404.233047
2767.35; 15042606242.81173
2767.832; 14994923046.816923
2768.314; 14950021494.795322
2768.796; 14905732447.04133
2769.278; 14861589606.401472
2769.76; 14770760517.97779
2770.243; 14790109932.667406
2770.725; 14692194791.461407
2771.207; 14635468264.98713
2771.689; 14576047504.065296
2772.171; 14517036080.03337
2772.653; 14459800713.588184
2773.135; 14407176508.027733
2773.617; 14315270562.904816
2774.1; 14340557349.686281
2774.582; 14257324135.401394
2775.064; 14220421439.20971
2775.546; 14183029074.285357
2776.028; 14144145763.306128
2776.51; 14101105649.3821
2776.992; 14053505997.907053
2777.474; 13954706610.413357
2777.957; 14007473055.47271
2778.438; 13791072119.749805
2778.921; 13842718177.317148
2779.403; 13742617207.024492
2779.885; 13692827612.873886
2780.367; 13647153520.777834
2780.849; 13605712168.084213
2781.331; 13566484573.924225
2781.813; 13528918105.392332
2782.295; 13447070557.532724
2782.778; 13472536934.020746
2783.26; 13383177968.468637
2783.742; 13332069703.326836
2784.224; 13276212543.725195
2784.706; 13219048583.028658
2785.188; 13162963292.456934
2785.67; 13111950253.579233
2786.152; 13024294706.78098
2786.635; 13052115865.303593
2787.117; 12976002859.46129
2787.599; 12945865080.655714
2788.081; 12916250245.356384
2788.563; 12886842135.255245
2789.045; 12856076877.322577
2789.527; 12823117409.317146
2790.009; 12789498452.73884
2790.491; 12712217033.535742
2790.974; 12741698729.99693
2791.456; 12660377038.773165
2791.938; 12618407347.680056
2792.42; 12572726858.835701
2792.902; 12525550922.375143
2793.384; 12477949277.201052
2793.866; 12432654411.304981
2794.348; 12347649865.99202
2794.831; 12372275244.141586
2795.313; 12290611840.094927
2795.795; 12251123102.865953
2796.277; 12210499162.525496
2796.759; 12170196771.212692
2797.241; 12130445607.84351
2797.723; 12092989272.022972
2798.205; 12013891430.670238
2798.688; 12085042576.312523
2799.169; 11901758965.833727
2799.652; 11972853843.808207
2800.134; 11894078755.299026
2800.616; 11856453108.511478
2801.098; 11815764286.28941
2801.58; 11773564321.595428
2802.062; 11730149624.431547
2802.544; 11687251909.74148
2803.026; 11602789843.416887
2803.509; 11623014012.432865
2803.991; 11536608552.247883
2804.473; 11490585258.730356
2804.955; 11444137813.860317
2805.437; 11400046623.281967
2805.919; 11358900219.763737
2806.401; 11320461601.019121
2806.883; 11285380821.781952
2807.365; 11210825008.440456
2807.848; 11240215609.961353
2808.33; 11164169034.509449
2808.812; 11127846283.637484
2809.294; 11091102018.392498
2809.776; 11056880478.114359
2810.258; 11025850906.746078
2810.74; 10998918695.480528
2811.222; 10933077249.191647
2811.705; 10969335130.938217
2812.187; 10898264128.08343
2812.669; 10862303909.842901
2813.151; 10820675554.788065
2813.633; 10776331753.404331
2814.115; 10730987650.792892
2814.597; 10687341538.396482
2815.079; 10604798934.627464
2815.562; 10624939154.164925
2816.044; 10541336980.001825
2816.526; 10495493243.253424
2817.008; 10446742268.995934
2817.49; 10397516471.755798
2817.972; 10349129823.38467
2818.454; 10303061057.18194
2818.936; 10262233059.083454
2819.418; 10187399047.973625
2819.901; 10218888854.339354
2820.383; 10154007023.039911
2820.865; 10131929901.442234
2821.347; 10111182594.683582
2821.829; 10091585743.825481
2822.311; 10071249318.951414
2822.793; 10049784098.402739
2823.275; 9985782305.220638
2823.758; 10017812770.43574
2824.24; 9945012521.287746
2824.722; 9907788322.33445
2825.204; 9867834260.326174
2825.686; 9828094288.109726
2826.168; 9789344589.157028
2826.65; 9752910269.85632
2827.132; 9678364957.630526
2827.615; 9702560246.750439
2828.097; 9625647244.074097
2828.579; 9585606260.46926
2829.061; 9543774311.4793
2829.543; 9502838679.117008
2830.025; 9463723769.730597
2830.507; 9426853346.971985
2830.989; 9393619163.801903
2831.471; 9324343679.774395
2831.954; 9354118403.219069
2832.436; 9285256498.861586
2832.918; 9252999660.218096
2833.4; 9217872298.66365
2833.882; 9181260403.581938
2834.364; 9143368833.255339
2834.846; 9105825483.079538
2835.328; 9028881708.645819
2835.811; 9087875219.358627
2836.292; 8915258484.459822
2836.775; 8974732715.738216
2837.257; 8899122132.174929
2837.739; 8862036595.976543
2838.221; 8822928159.965101
2838.703; 8782870555.013811
2839.185; 8742148894.47268
2839.667; 8702782168.510399
2840.149; 8627336587.412693
2840.632; 8648433674.919685
2841.114; 8574567623.9967785
2841.596; 8537558410.953242
2842.078; 8498908392.231315
2842.56; 8459762625.250292
2843.042; 8420214850.374983
2843.524; 8381912652.803321
2844.006; 8307496107.224666
2844.489; 8327127670.163719
2844.971; 8251478392.499794
2845.453; 8209985103.631105
2845.935; 8164557619.8922825
2846.417; 8116745442.916608
2846.899; 8067730760.79267
2847.381; 8019791905.87664
2847.863; 7977293882.346089
2848.345; 7906375901.902787
2848.828; 7936367918.093384
2849.31; 7883196626.028813
2849.792; 7873537547.480095
2850.274; 7869062167.149149
2850.756; 7869141593.080049
2851.238; 7871842714.4503765
2851.72; 7876589472.498635
2852.202; 7844816076.301836
2852.685; 7901191857.380386
2853.167; 7859286500.393447
2853.649; 7844069952.557237
2854.131; 7817873758.991741
2854.613; 7782543980.634762
2855.095; 7740360081.039043
2855.577; 7696167856.108838
2856.059; 7616482326.2319565
2856.542; 7668734326.378816
2857.023; 7510616705.148493
2857.506; 7576357882.703545
2857.988; 7520926337.36274
2858.47; 7504560212.846286
2858.952; 7486889519.156594
2859.434; 7466958114.07128
2859.916; 7443865388.388615
2860.398; 7419174366.796192
2860.88; 7358018730.573982
2861.363; 7385899719.574349
2861.845; 7323553610.656031
2862.327; 7295830445.848246
2862.809; 7267116552.28679
2863.291; 7238756202.635983
2863.773; 7210672157.201956
2864.255; 7182856467.787649
2864.737; 7156726792.278928
2865.219; 7096926850.225688
2865.702; 7126028528.8934145
2866.184; 7065817184.105843
2866.666; 7038704990.120902
2867.148; 7009247781.07882
2867.63; 6979064378.886509
2868.112; 6948924473.092393
2868.594; 6921090990.964794
2869.076; 6861566444.802923
2869.559; 6892178296.103196
2870.041; 6837315321.768276
2870.523; 6817589875.141404
2871.005; 6796929832.853759
2871.487; 6775194417.85177
2871.969; 6751125687.000131
2872.451; 6725243730.02117
2872.933; 6663043699.8053665
2873.416; 6685569520.454677
2873.898; 6620671312.309041
2874.38; 6590270214.786393
2874.862; 6561363636.8877735
2875.344; 6535859848.4176035
2875.826; 6513180597.921356
2876.308; 6491804492.727883
2876.79; 6471107281.034147
2877.272; 6415227991.918319
2877.755; 6441451331.215633
2878.237; 6377978518.929368
2878.719; 6343802114.104274
2879.201; 6306071531.285966
2879.683; 6267551355.799403
2880.165; 6229684787.78277
2880.647; 6194743626.428679
2881.129; 6129728535.47988
2881.612; 6151021230.83779
2882.094; 6089692818.857713
2882.576; 6061368476.356114
2883.058; 6031789649.969671
2883.54; 6001551204.048195
2884.022; 5970404091.892623
2884.504; 5939783380.220826
2884.986; 5877469391.449788
2885.469; 5898838907.12131
2885.951; 5839306144.295492
2886.433; 5813713172.632965
2886.915; 5788978329.578141
2887.397; 5765377380.240452
2887.879; 5741471443.909512
2888.361; 5715993119.888324
2888.843; 5689703942.71932
2889.325; 5630805453.24052
2889.808; 5652968426.55207
2890.29; 5595150805.146034
2890.772; 5570912653.660581
2891.254; 5548388941.270019
2891.736; 5528268190.310967
2892.218; 5509344691.128503
2892.7; 5491228048.7528515
2893.182; 5439717955.292791
2893.665; 5498405564.158532
2894.146; 5364532379.333323
2894.629; 5420563138.556862
2895.111; 5365143960.327557
2895.593; 5342090276.2066
2896.075; 5318622069.188131
2896.557; 5295811472.092399
2897.039; 5273671431.85476
2897.521; 5253325135.250176
2898.003; 5203282755.396861
2898.486; 5231959994.709847
2898.968; 5181253784.6438875
2899.45; 5159456675.449896
2899.932; 5135079301.757237
2900.414; 5109601780.554699
2900.896; 5083846114.7133255
2901.378; 5059911450.227704
2901.86; 5007652087.45899
2902.343; 5034339780.276319
2902.825; 4984270423.215357
2903.307; 4963622564.166833
2903.789; 4940617538.062306
2904.271; 4915854231.062047
2904.753; 4889320328.109003
2905.235; 4861522018.764998
2905.717; 4834345360.321377
2906.199; 4778023738.96612
2906.682; 4797780035.232069
2907.164; 4741052065.680974
2907.646; 4712720699.089782
2908.128; 4682801243.690217
2908.61; 4653316498.501444
2909.092; 4625576094.53935
2909.574; 4601731233.449862
2910.056; 4552350750.811682
2910.539; 4579470829.189629
2911.021; 4532113047.328156
2911.503; 4511094947.316694
2911.985; 4485176967.877152
2912.467; 4454963471.777207
2912.949; 4421193223.229702
2913.431; 4386344743.953586
2913.913; 4321935648.671143
2914.396; 4360141902.4760685
2914.877; 4226235875.9902515
2915.36; 4266661793.0159307
2915.842; 4207882660.6857767
2916.324; 4180337296.424382
2916.806; 4155518207.8286
2917.288; 4136003229.4627166
2917.77; 4123065206.2841873
2918.252; 4117912492.848112
2918.734; 4091120153.6154075
2919.217; 4138063087.068786
2919.699; 4113864251.182844
2920.181; 4113958409.0647035
2920.663; 4108594501.9444585
2921.145; 4098511760.738242
2921.627; 4084302566.0662017
2922.109; 4067057361.775209
2922.591; 4049062383.056171
2923.073; 4003497683.072525
2923.556; 4028544208.0570416
2924.038; 3984685161.536674
2924.52; 3970204036.2276883
2925.002; 3958120181.09998
2925.484; 3949762416.72913
2925.966; 3944411259.9407372
2926.448; 3941261757.6082735
2926.93; 3910214518.061583
2927.413; 3945277339.5644665
2927.895; 3906107243.9456716
2928.377; 3889570167.7437744
2928.859; 3870054085.4028177
2929.341; 3851308924.1033735
2929.823; 3835647138.4646997
2930.305; 3825048958.2549105
2930.787; 3791538665.6115885
2931.27; 3828342403.62306
2931.752; 3795578790.0168967
2932.234; 3786789103.507283
2932.716; 3774099328.7712173
2933.198; 3759058098.8216825
2933.68; 3742651489.62668
2934.162; 3725734045.8910594
2934.644; 3709622510.739161
2935.126; 3666843120.929776
2935.609; 3690476575.677094
2936.091; 3643637689.908189
2936.573; 3620074565.0057554
2937.055; 3593484093.244022
2937.537; 3566486847.0812826
2938.019; 3541289714.8634815
2938.501; 3521111213.7560225
2938.983; 3481321182.424418
2939.466; 3514705748.961755
2939.948; 3488040646.5711513
2940.43; 3491812535.598856
2940.912; 3496974512.110661
2941.394; 3501048531.229993
2941.876; 3500377415.669224
2942.358; 3492881781.27322
2942.84; 3450547013.712877
2943.323; 3465761088.145038
2943.805; 3408150339.968389
2944.287; 3373483271.423289
2944.769; 3339634681.55804
2945.251; 3310909686.6405787
2945.733; 3288774913.245705
2946.215; 3272713297.3750854
2946.697; 3261708089.1625724
2947.179; 3227444508.7869787
2947.662; 3256871771.8286448
2948.144; 3219259687.0128183
2948.626; 3203713140.939636
2949.108; 3185193244.0947533
2949.59; 3165643860.2801013
2950.072; 3145840955.7766438
2950.554; 3126849732.3958464
2951.036; 3082198548.3636127
2951.519; 3125543345.4962883
2952.0; 3016639273.0506997
2952.483; 3057510606.1018834
2952.965; 3009881544.246489
2953.447; 2987595561.5840945
2953.929; 2965358567.557943
2954.411; 2944668165.2883296
2954.893; 2926005985.585063
2955.375; 2910405762.3130236
2955.857; 2873075053.1007633
2956.34; 2898393898.7884564
2956.822; 2862201891.0992203
2957.304; 2848724447.1506124
2957.786; 2832982530.348301
2958.268; 2815979309.4723134
2958.75; 2798417676.0945816
2959.232; 2782173466.143698
2959.714; 2744085298.9827394
2960.197; 2767938543.2508445
2960.679; 2732444951.1262164
2961.161; 2719976315.0129695
2961.643; 2705154113.0625954
2962.125; 2687726936.559368
2962.607; 2667176197.3493285
2963.089; 2643870835.4023933
2963.571; 2619853459.160909
2964.053; 2573201411.4049253
2964.536; 2586465268.9281216
2965.018; 2542877421.1775904
2965.5; 2523902127.6906447
2965.982; 2506185115.313661
2966.464; 2490480670.136838
2966.946; 2476698892.188815
2967.428; 2465460275.885319
2967.91; 2433423808.1903734
2968.393; 2458847193.821335
2968.875; 2425642847.604838
2969.357; 2411776541.567751
2969.839; 2393657019.89023
2970.321; 2372248020.0680237
2970.803; 2348661812.8536606
2971.285; 2325400207.7484493
2971.767; 2281276926.7475405
2972.25; 2317883142.34907
2972.731; 2224943206.946411
2973.214; 2266996895.9952254
2973.696; 2233458602.524162
2974.178; 2222401928.163454
2974.66; 2210087825.7955666
2975.142; 2196933488.728668
2975.624; 2183094405.833497
2976.106; 2169605863.1774607
2976.588; 2134927289.650829
2977.071; 2153599463.963726
2977.553; 2116932992.9248874
2978.035; 2099729466.8128738
2978.517; 2081109295.1679828
2978.999; 2063111514.426218
2979.481; 2047163321.7361312
2979.963; 2034370721.8839054
2980.445; 2025828745.52512
2980.927; 1999843203.3108532
2981.41; 2027374973.044358
2981.892; 2000898687.0222344
2982.374; 1991239142.4267325
2982.856; 1976290629.7872713
2983.338; 1956678042.506067
2983.82; 1933156692.7175174
2984.302; 1907755774.8508387
2984.784; 1861597622.3277063
2985.267; 1866643530.1583629
2985.749; 1822236376.207538
2986.231; 1799957845.7672594
2986.713; 1780604903.1355152
2987.195; 1765513738.4820127
2987.677; 1754585135.0222418
2988.159; 1747540070.7108724
2988.641; 1723029852.174082
2989.124; 1746907085.7638862
2989.606; 1718827188.6089797
2990.088; 1705908541.5275278
2990.57; 1688876518.2206318
2991.052; 1669854041.2451124
2991.534; 1650782797.8063881
2992.016; 1633548122.2679048
2992.498; 1620179008.9886818
2992.98; 1592231259.7387128
2993.463; 1614842642.2942045
2993.945; 1591965083.2487137
2994.427; 1587979961.9631588
2994.909; 1582803898.834525
2995.391; 1576102189.4746
2995.873; 1567008794.4447167
2996.355; 1555446809.216091
2996.837; 1522288476.831881
2997.32; 1531804696.80017
2997.802; 1491282201.363487
2998.284; 1466241166.59644
2998.766; 1440012727.877861
2999.248; 1415305262.5565298
2999.73; 1393864220.4217646
3000.212; 1377326537.8828692
3000.694; 1348210990.6557848
3001.177; 1366550638.2138255
3001.659; 1342839271.8878965
3002.141; 1336438563.6744401
3002.623; 1328518688.5016956
3003.105; 1318768275.9530566
3003.587; 1306570229.0407827
3004.069; 1291649226.7525742
3004.551; 1274700068.8659732
3005.033; 1239164171.0244417
3005.516; 1244224132.8053424
3005.998; 1206088541.6916687
3006.48; 1184314905.9918144
3006.962; 1163418130.817699
3007.444; 1145254214.7912285
3007.926; 1130795552.6599677
3008.408; 1121093770.9100525
3008.89; 1099668571.5016985
3009.373; 1137962165.0698519
3009.854; 1083475130.2198896
3010.337; 1125737612.7084498
3010.819; 1111891828.697149
3011.301; 1111870397.2314882
3011.783; 1107388903.1210806
3012.265; 1097827798.9276338
3012.747; 1082986273.7300327
3013.229; 1064310982.445528
3013.711; 1028098588.1848222
3014.194; 1030322416.6657133
3014.676; 995575583.0291541
3015.158; 978846969.2231845
3015.64; 965269032.5045316
3016.122; 954821512.9607422
3016.604; 946114143.6960769
3017.086; 937965814.6403167
3017.568; 914306235.274673
3018.051; 925227995.6143253
3018.533; 897558070.6359768
3019.015; 883110165.0093495
3019.497; 868800399.7249126
3019.979; 856496297.8580378
3020.461; 846900444.2240473
3020.943; 839939550.4731039
3021.425; 835397391.3944105
3021.907; 818276055.796496
3022.39; 835529398.9712709
3022.872; 816530541.6370404
3023.354; 809181035.0206053
3023.836; 799886490.8819374
3024.318; 789817893.1840396
3024.8; 779708683.32699
3025.282; 770502010.2960659
3025.764; 748845086.4086964
3026.247; 760432565.7349454
3026.729; 737477101.3964847
3027.211; 725309162.7640808
3027.693; 710139452.9175054
3028.175; 692576788.9242084
3028.657; 673452205.0646585
3029.139; 654561396.4887898
3029.621; 624842122.9451729
3030.104; 640928074.1093787
3030.585; 588319929.2577766
3031.068; 611794809.6730121
3031.55; 596944159.8316946
3032.032; 596286999.8153383
3032.514; 595668210.8197368
3032.996; 593751439.6566077
3033.478; 589257259.3275027
3033.96; 582055497.7096815
3034.442; 560777933.4364045
3034.925; 566528567.7979128
3035.407; 542445673.0242515
3035.889; 529941907.40748876
3036.371; 518619117.88600814
3036.853; 509592862.48422724
3037.335; 503023069.3317158
3037.817; 498581329.4054648
3038.299; 495967532.4795467
3038.781; 483440931.6293277
3039.264; 497382575.70237017
3039.746; 482541968.60203046
3040.228; 475803094.233503
3040.71; 466216837.8882033
3041.192; 454575182.87997764
3041.674; 441750189.9301583
3042.156; 429242527.73244965
3042.638; 408221711.12473345
3043.121; 414086593.5003019
3043.603; 397393135.19838864
3044.085; 392519823.63205045
3044.567; 389119845.52836627
3045.049; 386804827.2013922
3045.531; 384754699.22994775
3046.013; 382626810.25366503
3046.495; 370541830.03410107
3046.978; 381387489.49685216
3047.46; 367661905.97737175
3047.942; 362674005.1040782
3048.424; 357202211.64671075
3048.906; 351650311.81745875
3049.388; 345820235.26451606
3049.87; 339381287.2269281
3050.352; 332384392.182446
3050.834; 315904446.99707663
3051.317; 320606473.2702015
3051.799; 302698362.488963
3052.281; 293056219.80489117
3052.763; 283434298.50003386
3053.245; 274556902.0523618
3053.727; 266708482.57755414
3054.209; 260321925.02009764
3054.691; 247615970.22324356
3055.174; 255675696.64604303
3055.656; 245119055.93069214
3056.138; 242918820.5555642
3056.62; 241042267.15518382
3057.102; 239459832.535759
3057.584; 237793873.3340201
3058.066; 235910424.42410228
3058.548; 225956428.37881914
3059.031; 233638888.77680862
3059.513; 221238986.3745366
3059.995; 214795186.0749436
3060.477; 207076761.4216255
3060.959; 198723854.21041238
3061.441; 190173661.02553552
3061.923; 181903640.26640934
3062.405; 174624180.16275868
3062.887; 162300769.1477353
3063.37; 167206997.41735882
3063.852; 157226295.44970724
3064.334; 154044493.35970142
3064.816; 150780446.0949257
3065.298; 147089854.84690627
3065.78; 142539928.45358247
3066.262; 137159055.54532498
3066.744; 125246793.69442095
3067.227; 132601663.8731603
3067.708; 106931706.04435447
3068.191; 113823927.14598677
3068.673; 102987264.94261248
3069.155; 98145367.03149848
3069.637; 93817245.509308
3070.119; 90110424.508612
3070.601; 87030303.84508103
3071.083; 84814983.28662589
3071.565; 79068439.81937155
3072.048; 85386113.81196846
3072.53; 81003320.26470694
3073.012; 81335175.73897389
3073.494; 81479177.75799799
3073.976; 81204069.38743266
3074.458; 80211329.75691785
3074.94; 78536018.04243697
3075.422; 71954759.22774336
3075.905; 75572102.26051857
3076.387; 68167189.59864685
3076.869; 64833002.94613953
3077.351; 61499101.57279864
3077.833; 58394807.20652402
3078.315; 55489475.22592613
3078.797; 52689625.95627252
3079.279; 50018469.124328665
3079.761; 43986878.99573207
3080.244; 46260381.22002416
3080.726; 39931797.66608035
3081.208; 36680118.87039692
3081.69; 33284428.621378433
3082.172; 29978929.034674663
3082.654; 26851114.338340692
3083.136; 24015438.068144567
3083.618; 19159490.131866664
3084.101; 20039175.502732705
3084.583; 15439049.007417627
3085.065; 13019238.242939396
3085.547; 10716925.750938686
3086.029; 8745411.856617747
3086.511; 7220974.806744061
3086.993; 6232777.037112163
3087.475; 4569182.08103001
3087.958; 7481725.192749631
3088.439; 3540417.6958639165
3088.922; 6474536.194096231
3089.404; 5287761.5180178145
3089.886; 5038579.112354841
3090.368; 4427175.152367407
3090.85; 3573214.502001675
3091.332; 2638638.210132044
3091.814; 1808134.134489934
3092.296; 683401.8775322472
3092.779; 925914.96272301
3093.261; 241345.9629743883
3093.743; 80391.99867462751
3094.225; 6051.9941197743665
3094.707; 15783.283745588644
3095.189; 109699.96248181407
3095.671; 287302.10035864665
3096.153; 519150.45599662105
3096.635; 1261151.3876152507
3097.118; 735414.138995293
3097.6; 1401769.4597060732
3098.082; 1511884.1451064618
3098.564; 1578334.9358062486
3099.046; 1618569.8460890108
3099.528; 1686068.578599803
3100.01; 1815369.7578385645
3100.492; 2852589.6214911
3100.975; 2126251.9474141877
3101.457; 3717128.977411217
3101.939; 4921539.542334078
3102.421; 6620834.4229251705
3102.903; 8822954.441774815
3103.385; 11529182.360732565
3103.867; 14611775.996028258
3104.349; 20127989.502565645
3104.832; 20117012.207958017
3105.314; 25740236.838146456
3105.796; 28640023.624530744
3106.278; 30942343.247797236
3106.76; 32453736.004356537
3107.242; 33248704.46527304
3107.724; 33535057.777660668
3108.206; 33468155.927433416
3108.688; 36291220.09063229
3109.171; 31910156.03087643
3109.653; 35371426.97399458
3110.135; 36647040.111025594
3110.617; 38823595.82254336
3111.099; 41942181.59772385
3111.581; 46103950.206036724
3112.063; 51167005.56503136
3112.545; 60824450.57012746
3113.028; 61060057.397366844
3113.51; 71287733.41876012
3113.992; 76980486.42274986
3114.474; 81790847.9993324
3114.956; 85432791.73793466
3115.438; 88054984.25597288
3115.92; 89792774.01259248
3116.402; 95847139.76400402
3116.885; 89421479.18001498
3117.367; 95133121.32577783
3117.849; 96117049.60976464
3118.331; 97400189.34041663
3118.813; 99165989.55805224
3119.295; 101948896.66754358
3119.777; 106267410.56699277
3120.259; 112180109.93683732
3120.741; 125109539.58251129
3121.224; 124733181.99086924
3121.706; 138566908.43996313
3122.188; 145538922.87768105
3122.67; 150657003.23020455
3123.152; 153646459.3718697
3123.634; 155171561.4230691
3124.116; 156087265.5157082
3124.598; 163893788.2824869
3125.081; 156889797.0809376
3125.563; 167574055.7630921
3126.045; 173184011.6755094
3126.527; 179503813.8770768
3127.009; 185694337.7666725
3127.491; 191467468.80646983
3127.973; 196673808.34240368
3128.455; 209185045.5513876
3128.938; 196416971.05301693
3129.419; 228008786.5124975
3129.902; 214735148.89144146
3130.384; 227468909.56130823
3130.866; 231689506.74253
3131.348; 235066032.39235914
3131.83; 237566567.23018166
3132.312; 239736391.51636916
3132.794; 241997254.47933513
3133.276; 253064727.2986218
3133.759; 245492227.44956726
3134.241; 259982504.83965442
3134.723; 268489363.69931644
3135.205; 278751616.31363404
3135.687; 289946871.06653965
3136.169; 301444068.74494886
3136.651; 312542157.39716727
3137.133; 322201660.7895258
3137.615; 339202897.8436385
3138.098; 330873033.82589597
3138.58; 344337254.4025232
3139.062; 347568598.5043156
3139.544; 350600456.8905285
3140.026; 353807695.2390632
3140.508; 357808468.5055231
3140.99; 362690226.49941903
3141.472; 378562462.3473915
3141.955; 371176412.99027634
3142.437; 390203236.25515366
3142.919; 400978276.1638859
3143.401; 413001524.3722763
3143.883; 425309070.0901592
3144.365; 437195382.1080838
3144.847; 447621721.01113766
3145.329; 467479230.3416459
3145.812; 447132661.25617415
3146.293; 491307759.1018258
3146.776; 467853357.9471251
3147.258; 483414434.6347291
3147.74; 488382627.17011005
3148.222; 494826791.10322267
3148.704; 502555080.1526156
3149.186; 511416641.67489475
3149.668; 520639459.3209137
3150.15; 541666841.0252867
3150.633; 533026834.62998
3151.115; 554109920.6000165
3151.597; 563410042.0747517
3152.079; 572542245.6545464
3152.561; 580806264.6664355
3153.043; 588069002.5824281
3153.525; 594011063.424813
3154.007; 611649365.5537632
3154.49; 597943224.2109057
3154.972; 616785343.4433385
3155.454; 624818988.2256819
3155.936; 634503543.8283173
3156.418; 644838782.4608794
3156.9; 655141281.9139583
3157.382; 664873663.1775565
3157.864; 673422405.8638517
3158.346; 694672660.280861
3158.829; 682875832.9247714
3159.311; 706690256.7459583
3159.793; 720036553.4198927
3160.275; 736308279.1353079
3160.757; 754090686.2704352
3161.239; 771820671.4609561
3161.721; 787243910.433149
3162.203; 813561969.6228448
3162.686; 799741297.2258723
3163.168; 819470823.0694333
3163.65; 823427184.6311249
3164.132; 827783541.4273059
3164.614; 833461020.9874884
3165.096; 841396743.7318573
3165.578; 851756809.845124
3166.06; 863400104.0139093
3166.542; 890557214.1614599
3167.025; 879338850.6149127
3167.507; 905946383.9713604
3167.989; 917435784.9563769
3168.471; 929750877.2203062
3168.953; 943226496.015093
3169.435; 958546605.209677
3169.917; 975200040.0613831
3170.399; 1008653006.9255886
3170.882; 1000998665.8805315
3171.364; 1032256376.9243795
3171.846; 1044304866.769756
3172.328; 1052883362.1206138
3172.81; 1058085109.7352793
3173.292; 1061800131.3215543
3173.774; 1066004574.6191034
3174.256; 1090052482.4568655
3174.739; 1077000169.654578
3175.221; 1111999545.62651
3175.703; 1135059738.8552284
3176.185; 1160483410.6119273
3176.667; 1184361496.1580696
3177.149; 1203609170.6435723
3177.631; 1216070553.7383087
3178.113; 1220359827.873548
3178.595; 1235313047.1978528
3179.078; 1201276827.4837964
3179.56; 1211392933.3622322
3180.042; 1207382168.4393275
3180.524; 1210002851.4499156
3181.006; 1220364396.3518515
3181.488; 1238571897.4461946
3181.97; 1262350272.9194121
3182.452; 1307161089.7822495
3182.935; 1305031688.0924911
3183.417; 1345860799.5921736
3183.899; 1362980429.5390863
3184.381; 1374855848.4572587
3184.863; 1382515771.8842573
3185.345; 1388873893.0896044
3185.827; 1396339499.670671
3186.309; 1427026699.8909326
3186.792; 1394428532.272549
3187.273; 1481156100.2381275
3187.756; 1451808490.9534912
3188.238; 1489620187.6938808
3188.72; 1504032294.9842896
3189.202; 1514462001.572813
3189.684; 1520484303.2835715
3190.166; 1523235534.011094
3190.648; 1523659801.605647
3191.13; 1543648195.3644388
3191.613; 1515467345.8557525
3192.095; 1541400656.097572
3192.577; 1553229048.6959288
3193.059; 1571597631.87116
3193.541; 1595633411.7520933
3194.023; 1624310004.6378655
3194.505; 1655693600.3945282
3194.987; 1686448855.743407
3195.469; 1735369107.2080514
3195.952; 1726670183.702621
3196.434; 1767230028.7407312
3196.916; 1783502116.7954319
3197.398; 1798412760.0929735
3197.88; 1812754913.4184823
3198.362; 1827490027.1826963
3198.844; 1841818263.4564695
3199.326; 1876890676.310863
3199.809; 1854567368.233225
3200.291; 1884517030.769594
3200.773; 1889113402.4644754
3201.255; 1890333165.4000082
3201.737; 1888005551.5858252
3202.219; 1883278114.0004587
3202.701; 1876769376.542822
3203.183; 1892686370.2093687
3203.666; 1832571195.3148923
3204.147; 1906883269.5788546
3204.63; 1852057719.7299945
3205.112; 1879333579.3411577
3205.594; 1890413045.1070373
3206.076; 1909388526.4167106
3206.558; 1936162049.4206538
3207.04; 1970305838.5072153
3207.522; 2009226053.9394443
3208.004; 2073186034.1143725
3208.487; 2077303433.533673
3208.969; 2135312015.5843675
3209.451; 2162904419.48309
3209.933; 2182547769.398587
3210.415; 2194520253.472454
3210.897; 2201742376.5449157
3211.379; 2207002862.778243
3211.861; 2237448286.2593975
3212.344; 2210572333.8544297
3212.826; 2246663521.5033703
3213.308; 2259172914.9007254
3213.79; 2269027413.487766
3214.272; 2273511213.790941
3214.754; 2273547934.582404
3215.236; 2272946870.800425
3215.718; 2276363429.585202
3216.2; 2313792954.2581863
3216.683; 2303141756.9812126
3217.165; 2367905539.6142116
3217.647; 2418320343.9481473
3218.129; 2471979685.4961967
3218.611; 2520027240.4136443
3219.093; 2556064959.3546925
3219.575; 2576156352.9499063
3220.057; 2607193033.331602
3220.54; 2562894826.0934143
3221.022; 2578907064.482099
3221.504; 2569854644.157551
3221.986; 2564843578.7851677
3222.468; 2564665340.6620717
3222.95; 2570124773.308552
3223.432; 2581533670.3013124
3223.914; 2597867696.9168744
3224.396; 2644710356.2840557
3224.879; 2629538577.1883173
3225.361; 2681528159.45788
3225.843; 2705898017.0503845
3226.325; 2725274881.143292
3226.807; 2736255634.2152176
3227.289; 2738615782.5442543
3227.771; 2733659915.5359187
3228.253; 2752080355.124568
3228.736; 2705848059.0663137
3229.218; 2732160974.647187
3229.7; 2740072330.446608
3230.182; 2755332090.9105916
3230.664; 2774734779.5059023
3231.146; 2795730517.04272
3231.628; 2815565578.113415
3232.11; 2861046067.6376987
3232.593; 2838236036.077197
3233.075; 2885573678.5243216
3233.557; 2909258742.7026944
3234.039; 2936694514.254186
3234.521; 2966026120.966219
3235.003; 2995806040.022765
3235.485; 3024368540.3753343
3235.967; 3049176071.7086596
3236.449; 3097664367.585194
3236.932; 3071159431.366048
3237.414; 3112846571.646023
3237.896; 3125065157.285109
3238.378; 3137239432.411047
3238.86; 3149204929.910906
3239.342; 3161407765.707964
3239.824; 3172720711.9043965
3240.306; 3211429888.4806376
3240.789; 3176628767.6654854
3241.271; 3212922675.616346
3241.753; 3220449462.374294
3242.235; 3229325193.131137
3242.717; 3240625609.4182014
3243.199; 3256728629.3956075
3243.681; 3278460046.29849
3244.163; 3336842872.6112866
3244.646; 3297533427.3549156
3245.127; 3439103094.0527453
3245.61; 3402459544.3289948
3246.092; 3469090890.689497
3246.574; 3503041698.6167974
3247.056; 3535716048.689822
3247.538; 3566787485.6993127
3248.02; 3596275203.771764
3248.502; 3621876886.8108487
3248.984; 3672280234.3997097
3249.467; 3638195649.1003265
3249.949; 3673908847.14781
3250.431; 3673539335.347481
3250.913; 3671413604.634289
3251.395; 3671098861.260133
3251.877; 3676954195.7129755
3252.359; 3691301559.0256453
3252.841; 3712361084.9902415
3253.323; 3768162114.323382
3253.806; 3745792808.9792395
3254.288; 3798447390.334399
3254.77; 3815238652.0428796
3255.252; 3827288097.3342824
3255.734; 3834809983.982146
3256.216; 3839574824.2658677
3256.698; 3841687036.0830975
3257.18; 3873144058.104524
3257.663; 3824224480.1464624
3258.145; 3854151740.79464
3258.627; 3854855858.4615583
3259.109; 3860487739.541734
3259.591; 3872884008.277566
3260.073; 3894184848.9554586
3260.555; 3923555182.2442822
3261.037; 3992332688.6091027
3261.52; 3951152502.8694725
3262.001; 4103127141.238033
3262.484; 4056350520.9989047
3262.966; 4120366142.3211207
3263.448; 4150082446.971261
3263.93; 4182935800.5309925
3264.412; 4220701104.349532
3264.894; 4263964494.6629176
3265.376; 4309290688.7677965
3265.858; 4386189308.859084
3266.341; 4372502868.135869
3266.823; 4435064912.901438
3267.305; 4455341480.823474
3267.787; 4468929554.931099
3268.269; 4477794154.793311
3268.751; 4485106398.275452
3269.233; 4491504710.11429
3269.715; 4531315061.598987
3270.198; 4484552620.870228
3270.68; 4521963025.7582855
3271.162; 4524505015.365044
3271.644; 4527731035.56928
3272.126; 4533175725.943583
3272.608; 4544065199.133464
3273.09; 4562545951.804809
3273.572; 4587240056.038593
3274.054; 4650429618.405529
3274.537; 4627396171.151244
3275.019; 4688995904.107082
3275.501; 4711813765.525189
3275.983; 4730713835.057087
3276.465; 4747202303.714967
3276.947; 4765920538.574218
3277.429; 4790572584.2040205
3277.911; 4860438344.608724
3278.394; 4852737844.453491
3278.876; 4944907185.164855
3279.358; 5008179382.055231
3279.84; 5072292378.61563
3280.322; 5130211729.708638
3280.804; 5178177615.747345
3281.286; 5215109472.678036
3281.768; 5241072604.513573
3282.25; 5296312468.639495
3282.733; 5255650036.980438
3283.215; 5308336046.111401
3283.697; 5326472167.103513
3284.179; 5346210030.121728
3284.661; 5364124459.18872
3285.143; 5378231893.669797
3285.625; 5386559352.857236
3286.107; 5428000993.473466
3286.59; 5375830831.53428
3287.072; 5422522490.582608
3287.554; 5441560009.999824
3288.036; 5471765366.273938
3288.518; 5510461600.161771
3289.0; 5553937620.92073
3289.482; 5595968139.228887
3289.964; 5670578195.672178
3290.447; 5642237858.26387
3290.929; 5704086466.067083
3291.411; 5725137753.014946
3291.893; 5747031392.943201
3292.375; 5771121981.214074
3292.857; 5798777673.89633
3293.339; 5829615973.071176
3293.821; 5860569717.8465805
3294.303; 5929171956.971136
3294.786; 5898744006.435295
3295.268; 5967223633.051359
3295.75; 5999966396.988843
3296.232; 6037421062.427269
3296.714; 6077933207.3241625
3297.196; 6119407827.196043
3297.678; 6156999392.699195
3298.16; 6227407477.307359
3298.643; 6189543109.07658
3299.125; 6245637358.321209
3299.607; 6259274977.338267
3300.089; 6274617035.316704
3300.571; 6293790283.852896
3301.053; 6318550510.756651
3301.535; 6346977911.907712
3302.017; 6418868404.8124895
3302.5; 6347907992.655505
3302.981; 6519103795.713847
3303.464; 6443641091.260859
3303.946; 6512225591.265143
3304.428; 6543230494.29408
3304.91; 6581194333.774919
3305.392; 6624575325.6229315
3305.874; 6670516143.195296
3306.356; 6712910685.219605
3306.838; 6788992137.254088
3307.321; 6751092678.661554
3307.803; 6809869854.245172
3308.285; 6823752266.92626
3308.767; 6840092684.6189165
3309.249; 6863119863.109567
3309.731; 6897132258.684809
3310.213; 6943545001.110622
3310.695; 6998732229.81589
3311.177; 7100372330.05773
3311.66; 7093324235.009757
3312.142; 7185480037.558982
3312.624; 7222442105.863717
3313.106; 7244136257.402265
3313.588; 7249846421.68222
3314.07; 7244257629.422385
3314.552; 7233380553.747956
3315.034; 7268678894.725058
3315.517; 7207904117.263138
3315.999; 7270545157.127926
3316.481; 7306081382.620651
3316.963; 7351879563.884754
3317.445; 7398637226.247542
3317.927; 7439398357.793774
3318.409; 7469247375.874
3318.891; 7534834861.426392
3319.374; 7444036498.098227
3319.855; 7619761444.255762
3320.338; 7542016578.416047
3320.82; 7630547267.973855
3321.302; 7685062150.109238
3321.784; 7746141377.449443
3322.266; 7806340430.0921545
3322.748; 7861163632.038051
3323.23; 7907600013.238121
3323.712; 7992432409.647752
3324.195; 7962773382.764237
3324.677; 8048073199.569655
3325.159; 8092347446.588668
3325.641; 8138231312.045854
3326.123; 8179460202.233456
3326.605; 8211062520.869531
3327.087; 8228096668.259294
3327.569; 8275731335.020557
3328.052; 8198843236.520928
3328.534; 8231268886.17966
3329.016; 8221240478.426147
3329.498; 8219871198.596883
3329.98; 8229947540.627847
3330.462; 8254170061.628896
3330.944; 8292928002.263867
3331.426; 8342250125.369757
3331.908; 8443385820.496902
3332.391; 8430196053.682424
3332.873; 8527129459.928132
3333.355; 8568443656.616368
3333.837; 8597337419.485367
3334.319; 8613164946.640419
3334.801; 8620723266.136116
3335.283; 8625439950.810135
3335.765; 8680771575.2985
3336.248; 8630378653.198662
3336.73; 8708576336.414633
3337.212; 8751458122.120958
3337.694; 8800152326.3492
3338.176; 8847222657.494446
3338.658; 8888397203.042686
3339.14; 8921635623.32602
3339.622; 8945135656.767277
3340.104; 9007122174.551666
3340.587; 8945920165.282745
3341.069; 8999402856.672785
3341.551; 9005339473.306227
3342.033; 9011697734.888428
3342.515; 9017940558.799576
3342.997; 9025416982.805084
3343.479; 9033639169.313894
3343.961; 9090241368.248837
3344.444; 9031418218.41855
3344.926; 9092560621.015556
3345.408; 9108501388.96114
3345.89; 9124669486.319983
3346.372; 9138280565.813702
3346.854; 9148772077.617619
3347.336; 9154062197.64439
3347.818; 9200709467.511988
3348.301; 9124086560.962004
3348.783; 9160355214.431047
3349.265; 9145717572.362993
3349.747; 9128425368.576471
3350.229; 9109544758.75742
3350.711; 9093132811.441236
3351.193; 9083385136.383516
3351.675; 9081764044.585087
3352.157; 9137073487.36334
3352.64; 9086345766.992403
3353.122; 9165811775.91603
3353.604; 9211029845.813087
3354.086; 9267448368.658268
3354.568; 9330711492.175816
3355.05; 9396642747.88119
3355.532; 9457783359.074615
3356.014; 9555811931.782612
3356.497; 9518037284.770678
3356.979; 9583765453.643545
3357.461; 9586834646.390594
3357.943; 9580386459.480896
3358.425; 9569925376.427574
3358.907; 9562551939.778881
3359.389; 9561336788.917646
3359.871; 9617226515.363234
3360.354; 9511005073.345018
3360.835; 9696670732.210087
3361.318; 9594338900.298624
3361.8; 9663024580.28444
3362.282; 9688183030.004143
3362.764; 9723837568.409805
3363.246; 9770484660.698753
3363.728; 9826125231.661983
3364.21; 9882400929.126263
3364.692; 9978581212.618387
3365.175; 9934654365.55077
3365.657; 9989959842.755638
3366.139; 9972388907.724897
3366.621; 9934708476.5465
3367.103; 9883510980.43621
3367.585; 9829798471.681059
3368.067; 9784742538.953226
3368.549; 9755993728.271992
3369.031; 9798847129.080122
3369.514; 9748301861.351583
3369.996; 9848612740.809723
3370.478; 9927461429.686749
3370.96; 10025926902.750523
3371.442; 10131802265.804995
3371.924; 10233430336.467262
3372.406; 10318546180.270205
3372.888; 10430417543.681728
3373.371; 10392852987.42684
3373.853; 10461148857.777798
3374.335; 10466928964.769651
3374.817; 10467303643.916727
3375.299; 10466159486.44906
3375.781; 10467083301.6728
3376.263; 10470167317.776737
3376.745; 10528430907.805597
3377.228; 10416214994.0151
3377.709; 10612831171.40037
3378.192; 10516784775.894127
3378.674; 10608325111.633686
3379.156; 10659574218.721672
3379.638; 10720531181.511887
3380.12; 10785582084.157373
3380.602; 10850188015.972748
3381.084; 10908576457.852598
3381.566; 11009551613.211441
3382.049; 10973267656.957582
3382.531; 11057244690.196594
3383.013; 11081369709.369137
3383.495; 11094919429.811506
3383.977; 11093867321.100887
3384.459; 11077374079.04886
3384.941; 11045349178.186146
3385.423; 11053792361.62503
3385.906; 10932241816.36724
3386.388; 10946056767.81092
3386.87; 10925092002.11061
3387.352; 10925347986.89693
3387.834; 10947267292.957663
3388.316; 10990863307.265322
3388.798; 11054350870.474047
3389.28; 11132768930.472395
3389.762; 11274566211.638678
3390.245; 11294175484.65189
3390.727; 11449512266.296402
3391.209; 11553322128.993196
3391.691; 11652216588.397911
3392.173; 11738904381.184477
3392.655; 11809330658.84358
3393.137; 11859634160.94676
3393.619; 11943805420.83166
3394.102; 11879343541.304173
3394.584; 11939723013.528223
3395.066; 11945194880.4321
3395.548; 11954751474.924177
3396.03; 11970639470.108448
3396.512; 11994606260.232754
3396.994; 12025038174.843622
3397.476; 12055087612.734114
3397.958; 12131948071.425709
3398.441; 12063748900.04242
3398.923; 12118505689.08463
3399.405; 12113153520.54327
3399.887; 12109597241.42651
3400.369; 12116766802.502625
3400.851; 12144434873.128983
3401.333; 12195668625.432415
3401.815; 12322859306.452604
3402.298; 12328923574.945993
3402.78; 12474704587.45104
3403.262; 12559189033.690123
3403.744; 12629037731.75769
3404.226; 12680835389.981283
3404.708; 12718984307.07408
3405.19; 12749039262.534353
3405.672; 12833484180.548038
3406.155; 12785051146.597687
3406.637; 12882758981.758802
3407.119; 12933907192.745716
3407.601; 12992842199.090021
3408.083; 13057819452.888088
3408.565; 13130026711.555552
3409.047; 13209349517.182613
3409.529; 13289806745.021406
3410.011; 13419178446.77548
3410.494; 13390205946.527641
3410.976; 13475076159.092531
3411.458; 13471869902.138714
3411.94; 13439484584.190914
3412.422; 13387630946.125416
3412.904; 13334644463.595148
3413.386; 13298433194.729042
3413.868; 13351183051.499653
3414.351; 13306434554.931875
3414.833; 13445776198.477684
3415.315; 13565967428.825176
3415.797; 13710098448.665993
3416.279; 13861850554.23328
3416.761; 14008669391.87713
3417.243; 14139448869.474974
3417.725; 14309091332.076319
3418.208; 14253263698.28253
3418.689; 14526116606.306046
3419.172; 14432306670.286173
3419.654; 14532175506.622898
3420.136; 14568125426.066027
3420.618; 14605661334.879135
3421.1; 14645214366.378315
3421.582; 14686110040.005096
3422.064; 14723507106.732048
3422.546; 14813240916.415539
3423.029; 14751025286.59979
3423.511; 14833710550.500967
3423.993; 14861955235.96982
3424.475; 14898630648.79931
3424.957; 14943475491.215666
3425.439; 14994612552.36815
3425.921; 15046530417.49012
3426.403; 15090038217.24957
3426.885; 15179270651.015882
3427.368; 15109219356.816206
3427.85; 15183206370.487345
3428.332; 15206481233.493324
3428.814; 15249264192.233961
3429.296; 15317187206.45031
3429.778; 15411752903.243954
3430.26; 15525356065.388008
3430.742; 15707411258.287148
3431.225; 15735956193.786617
3431.707; 15902318484.873518
3432.189; 15989524458.564348
3432.671; 16056033718.446135
3433.153; 16103034385.607992
3433.635; 16137909077.647295
3434.117; 16168013606.148432
3434.599; 16265437488.519566
3435.082; 16162774259.090399
3435.563; 16441108367.5464
3436.046; 16369766421.942762
3436.528; 16525081858.251923
3437.01; 16626716847.11345
3437.492; 16733926070.840525
3437.974; 16842332740.448326
3438.456; 16951455213.291464
3438.938; 17059220851.11226
3439.42; 17226512095.48733
3439.903; 17233045303.468098
3440.385; 17383373889.8418
3440.867; 17451684764.34148
3441.349; 17493266640.15024
3441.831; 17505833979.164085
3442.313; 17498723685.06163
3442.795; 17487103644.72847
3443.277; 17553462305.908817
3443.76; 17498850404.593063
3444.242; 17641843095.079426
3444.724; 17760417559.970856
3445.206; 17899351654.91444
3445.688; 18034441707.381268
3446.17; 18147458319.814823
3446.652; 18230182358.335743
3447.134; 18283930956.491993
3447.616; 18384113901.923073
3448.099; 18327409530.241203
3448.581; 18441335810.493477
3449.063; 18510937396.34208
3449.545; 18595712307.269836
3450.027; 18686579461.013687
3450.509; 18778064919.56417
3450.991; 18867014375.235855
3451.473; 19020847370.96919
3451.956; 19025552477.85239
3452.438; 19204712837.188663
3452.92; 19337299188.950115
3453.402; 19480965889.72798
3453.884; 19623688416.86549
3454.366; 19755097718.58605
3454.848; 19864750748.700226
3455.33; 20011988557.063644
3455.813; 19973691047.932487
3456.295; 20071824271.045914
3456.777; 20085929373.87585
3457.259; 20083077799.21909
3457.741; 20066718787.987076
3458.223; 20046225949.921204
3458.705; 20033612362.9733
3459.187; 20038500488.829124
3459.669; 20132259564.55901
3460.152; 20099119356.679794
3460.634; 20250134062.68374
3461.116; 20356257422.4428
3461.598; 20467599401.812904
3462.08; 20571116705.022625
3462.562; 20660927064.377113
3463.044; 20734234036.176224
3463.526; 20856746742.251385
3464.009; 20814766535.140472
3464.491; 20926166152.156055
3464.973; 20974154895.38375
3465.455; 21022448765.912674
3465.937; 21071554732.789307
3466.419; 21127037754.30128
3466.901; 21195885914.097942
3467.383; 21281376220.060665
3467.865; 21446887329.967003
3468.348; 21473871493.224705
3468.83; 21664793363.725166
3469.312; 21793303868.234444
3469.794; 21911206125.194042
3470.276; 22009188532.191948
3470.758; 22083681373.579933
3471.24; 22130933519.98302
3471.722; 22209285213.513336
3472.205; 22106690194.479156
3472.687; 22120640653.57553
3473.169; 22038132737.117397
3473.651; 21918821587.832157
3474.133; 21765596628.501102
3474.615; 21588407130.286522
3475.097; 21397514900.366364
3475.579; 21260963556.06444
3476.062; 20935334655.899246
3476.543; 20944392290.504246
3477.026; 20627387345.396114
3477.508; 20497360972.963005
3477.99; 20304599788.753235
3478.472; 20101000434.70719
3478.954; 19880563591.282
3479.436; 19636858687.511593
3479.918; 19358370383.069363
3480.4; 19081142160.140385
3480.883; 18625721668.104458
3481.365; 18227140015.61514
3481.847; 17718254165.066288
3482.329; 17155178138.34662
3482.811; 16551851830.93882
3483.293; 15927190739.457006
3483.775; 15297523973.589138
3484.257; 14715214229.666922
3484.74; 14049322163.469574
3485.222; 13497076530.570799
3485.704; 12917021858.368332
3486.186; 12338876486.73871
3486.668; 11753139059.362408
3487.15; 11154751921.796328
3487.632; 10543083423.47934
3488.114; 9920884498.841978
3488.596; 9326080522.74302
3489.079; 8662723959.540682
3489.561; 8092482060.253112
3490.043; 7520452009.091111
3490.525; 6981453782.29945
3491.007; 6477462491.99164
3491.489; 6008909320.211937
3491.971; 5573361007.645434
3492.453; 5192175613.4520855
3492.936; 4755301397.694987
3493.417; 4478655997.615616
3493.9; 4087035216.8112698
3494.382; 3790899840.0061884
3494.864; 3493714099.1006203
3495.346; 3221443488.9671893
3495.828; 2978516251.5825195
3496.31; 2769721664.10697
3496.792; 2597374763.609783
3497.274; 2480329388.4878054
3497.757; 2351498495.391631
3498.239; 2298980719.9304404
3498.721; 2253954540.559549
3499.203; 2229335387.9319897
3499.685; 2220542152.9185596
3500.167; 2225193037.1380925
3500.649; 2241214723.6275973
3501.131; 2287032202.6559935
3501.614; 2291137907.376374
3502.096; 2349862839.910186
3502.578; 2389822197.979985
3503.06; 2427804560.6783204
3503.542; 2462723700.0190043
3504.024; 2498133735.6560283
3504.506; 2540911637.70719
3504.988; 2598541199.6371627
3505.47; 2701796270.8014116
3505.953; 2773191595.5978346
3506.435; 2930948151.340708
3506.917; 3087201002.807988
3507.399; 3256553889.956704
3507.881; 3427032330.5770597
3508.363; 3588524148.0776634
3508.845; 3732953755.2347507
3509.327; 3886351488.434803
3509.81; 3946788850.746939
3510.292; 4063943375.8898335
3510.774; 4137735811.9405737
3511.256; 4200881855.627352
3511.738; 4256227566.018701
3512.22; 4309065234.721278
3512.702; 4364685470.609936
3513.184; 4461593115.973994
3513.667; 4492723495.301404
3514.149; 4621009877.888591
3514.631; 4730852209.364321
3515.113; 4847099741.92386
3515.595; 4958878028.256669
3516.077; 5057396002.721553
3516.559; 5137493159.443873
3517.041; 5198051481.814296
3517.523; 5280509062.892807
3518.006; 5270379181.571805
3518.488; 5358320310.510793
3518.97; 5428832733.612434
3519.452; 5522062978.9682665
3519.934; 5635120410.865424
3520.416; 5760649048.7734
3520.898; 5885789181.773833
3521.38; 6037013111.193709
3521.863; 6068999758.40742
3522.345; 6174917767.963972
3522.827; 6223261603.369735
3523.309; 6265125967.874766
3523.791; 6314761536.408273
3524.273; 6387198794.079088
3524.755; 6492187352.629727
3525.237; 6629627584.835891
3525.719; 6834616427.47115
3526.202; 6945437311.731111
3526.684; 7159245795.26003
3527.166; 7311755272.083708
3527.648; 7435636640.9123745
3528.13; 7525893509.360134
3528.612; 7585411113.878159
3529.094; 7619556541.56424
3529.576; 7682069051.362239
3530.059; 7625108351.0626545
3530.541; 7683559581.112111
3531.023; 7708529941.512528
3531.505; 7751860215.503676
3531.987; 7817156227.639567
3532.469; 7906973072.942474
3532.951; 8018556772.586695
3533.433; 8195844987.81269
3533.916; 8215586316.644736
3534.397; 8522635027.438039
3534.88; 8532540796.505385
3535.362; 8701933629.138905
3535.844; 8812324427.375908
3536.326; 8918718197.19542
3536.808; 9024394740.194298
3537.29; 9132374445.126007
3537.772; 9240852885.978502
3538.254; 9398913153.88737
3538.737; 9424326518.941479
3539.219; 9574173312.573498
3539.701; 9668877363.574743
3540.183; 9762544982.377813
3540.665; 9857732540.030638
3541.147; 9960439551.808552
3541.629; 10075811017.77951
3542.111; 10266152708.24161
3542.594; 10348932866.231127
3543.076; 10604783359.545752
3543.558; 10843749575.70191
3544.04; 11114845715.148525
3544.522; 11402250632.184586
3545.004; 11686437205.401068
3545.486; 11946620967.776567
3545.968; 12164859759.295982
3546.45; 12396808171.654259
3546.933; 12440936147.757713
3547.415; 12620539345.398428
3547.897; 12747829918.597143
3548.379; 12903006282.448225
3548.861; 13094333547.410046
3549.343; 13321407779.587883
3549.825; 13572735510.456114
3550.307; 13901455653.835619
3550.79; 14004688443.584726
3551.271; 14492002810.861944
3551.754; 14584626718.973095
3552.236; 14913329601.468105
3552.718; 15189861354.377998
3553.2; 15488452093.516294
3553.682; 15806233325.385895
3554.164; 16136363015.335384
3554.646; 16465765855.27711
3555.128; 16853902605.067472
3555.611; 17048876011.871372
3556.093; 17400779480.319996
3556.575; 17664593974.290577
3557.057; 17914860547.79545
3557.539; 18154336108.181297
3558.021; 18388424396.81163
3558.503; 18618354437.627487
3558.985; 18917622784.5548
3559.468; 19031368962.18242
3559.95; 19319442323.162365
3560.432; 19522650490.427994
3560.914; 19712532947.479618
3561.396; 19894178188.014313
3561.878; 20087689324.809772
3562.36; 20324156408.80865
3562.842; 20636888499.10264
3563.324; 21132020043.95685
3563.807; 21565193130.366287
3564.289; 22299255857.98583
3564.771; 23022537624.294422
3565.253; 23726699623.295868
3565.735; 24305617961.525764
3566.217; 24663171784.59207
3566.699; 24735009833.45918
3567.181; 24579760907.23341
3567.664; 23978930279.588318
3568.146; 23344005698.470127
3568.628; 22478274476.237225
3569.11; 21489565337.845806
3569.592; 20396310915.35519
3570.074; 19208770347.603798
3570.556; 17933769984.897987
3571.038; 16637724373.18188
3571.521; 15167974082.875324
3572.003; 13816665990.546267
3572.485; 12451849210.956339
3572.967; 11164144014.14297
3573.449; 9988716361.102213
3573.931; 8952754589.319752
3574.413; 8071411956.052896
3574.895; 7346363432.454366
3575.377; 6804478767.132311
3575.86; 6310140921.213096
3576.342; 6013289985.561108
3576.824; 5771224363.107013
3577.306; 5587815406.187126
3577.788; 5430710410.496021
3578.27; 5268596380.597226
3578.752; 5071708139.088475
3579.234; 4849026623.285006
3579.717; 4481773931.219153
3580.199; 4126524373.6336865
3580.681; 3694980720.9740057
3581.163; 3244055851.793651
3581.645; 2804608108.592553
3582.127; 2406418985.037909
3582.609; 2071906079.467462
3583.091; 1813349716.068563
3583.573; 1655594085.6505873
3584.056; 1527764378.5167484
3584.538; 1524997311.6684678
3585.02; 1571741731.826369
3585.502; 1675379106.0235915
3585.984; 1817336636.1807892
3586.466; 1974677281.488135
3586.948; 2123129716.2694404
3587.43; 2272704930.4263406
3587.913; 2326520711.2053127
3588.395; 2428165066.831779
3588.877; 2501205689.060046
3589.359; 2591957671.3173895
3589.841; 2715170332.0369525
3590.323; 2880021761.3542438
3590.805; 3086661820.5249543
3591.287; 3364779587.2967544
3591.77; 3541887799.5145407
3592.251; 3946594747.8764405
3592.734; 4119131602.3802986
3593.216; 4411984534.10448
3593.698; 4645309243.333394
3594.18; 4861027014.939854
3594.662; 5061452680.230898
3595.144; 5251774714.18951
3595.626; 5436907149.776389
3596.108; 5672838082.248631
3596.591; 5803935286.9479265
3597.073; 6080712516.866603
3597.555; 6341870502.243976
3598.037; 6634455970.897569
3598.519; 6945737990.45054
3599.001; 7256638277.861887
3599.483; 7543056542.640694
3599.965; 7844746556.805037
3600.448; 7955126453.239372
3600.93; 8170069406.757542
3601.412; 8304150276.9402485
3601.894; 8435006607.104494
3602.376; 8578509585.925383
3602.858; 8749104152.932154
3603.34; 8958351491.730953
3603.822; 9214824087.797277
3604.304; 9595967469.18568
3604.787; 9883826417.005135
3605.269; 10414377810.90387
3605.751; 10943606367.211628
3606.233; 11503241846.770315
3606.715; 12034437392.034958
3607.197; 12474936813.374777
3607.679; 12778796736.604517
3608.161; 13023052086.56672
3608.644; 12904426354.773174
3609.125; 13227325214.771463
3609.608; 13142482835.059471
3610.09; 13436846567.628563
3610.572; 13771741428.296621
3611.054; 14194702635.972002
3611.536; 14635832689.41524
3612.018; 15017181137.836191
3612.5; 15277580543.087168
3612.982; 15487036548.701689
3613.465; 15385282939.257387
3613.947; 15464566276.518707
3614.429; 15507087662.74019
3614.911; 15662164821.08641
3615.393; 15968533017.257065
3615.875; 16440075816.383986
3616.357; 17057289221.70298
3616.839; 17866026634.07077
3617.322; 18464858261.090366
3617.804; 19229754418.563843
3618.286; 19737392653.744053
3618.768; 20018769674.977177
3619.25; 20058243171.30177
3619.732; 19900285111.56373
3620.214; 19628048563.304237
3620.696; 19330392864.89634
3621.178; 19177071173.984997
3621.661; 18880097942.706696
3622.143; 18923679419.52663
3622.625; 18962792523.53352
3623.107; 19070801650.23953
3623.589; 19240873694.399406
3624.071; 19503675499.8228
3624.553; 19923391092.978706
3625.035; 20695258628.165302
3625.518; 21542726789.447186
3626.0; 23025545869.148193
3626.482; 24704154306.016968
3626.964; 26465552199.25243
3627.446; 27964327621.518448
3627.928; 28866374664.57738
3628.41; 29016100098.545696
3628.892; 28645905159.40499
3629.375; 27653489440.52976
3629.857; 26953529352.27105
3630.339; 26377880404.2027
3630.821; 26144294325.054012
3631.303; 26239307736.60306
3631.785; 26577479253.025944
3632.267; 27036517186.57853
3632.749; 27493326095.84339
3633.231; 27986690462.49848
3633.714; 28084404375.108376
3634.196; 28410392774.15292
3634.678; 28606020935.32189
3635.16; 28836461933.711727
3635.642; 29117564553.82244
3636.124; 29440019049.97619
3636.606; 29771560496.56698
3637.088; 30207214578.32455
3637.571; 30302424401.968056
3638.053; 30685539460.472637
3638.535; 30944355881.757587
3639.017; 31221776563.801067
3639.499; 31517799505.608456
3639.981; 31816584900.958817
3640.463; 32085551434.021313
3640.945; 32284590948.063892
3641.427; 32524584708.843113
3641.91; 32368946072.863235
3642.392; 32519896614.329277
3642.874; 32606622714.954216
3643.356; 32849238472.013447
3643.838; 33325682109.23996
3644.32; 34093847895.164406
3644.802; 35169877180.782104
3645.284; 36676105660.7148
3645.767; 38050218968.05861
3646.249; 39922912313.86264
3646.731; 41673878723.15622
3647.213; 43329243032.30187
3647.695; 44759812081.79883
3648.177; 45840518333.21227
3648.659; 46450415485.861626
3649.141; 46674068244.53817
3649.624; 45824116063.976
3650.105; 45471086516.13939
3650.588; 43999024984.050316
3651.07; 43099223397.913216
3651.552; 42337801018.37
3652.034; 42051178949.462074
3652.516; 42332675520.84042
3652.998; 43179609152.338005
3653.48; 44470903452.61237
3653.962; 46137670038.53214
3654.445; 47327936514.238914
3654.927; 48544509458.929276
3655.409; 49054497345.334915
3655.891; 49024269407.05965
3656.373; 48617757656.5935
3656.855; 48078631631.40894
3657.337; 47619434950.18005
3657.819; 47531568742.95746
3658.302; 47306820539.94722
3658.784; 47706222313.06316
3659.266; 48113485718.5776
3659.748; 48612751886.30848
3660.23; 49141771353.979355
3660.712; 49668304751.714386
3661.194; 50177570628.126274
3661.676; 50654123105.88472
3662.158; 51253345997.60535
3662.641; 51379960143.94756
3663.123; 51865745430.725525
3663.605; 52134467518.82171
3664.087; 52383448168.176834
3664.569; 52663473037.982185
3665.051; 53056543459.46565
3665.533; 53655806531.42079
3666.015; 54746664683.90254
3666.498; 55600075502.015236
3666.979; 57944394181.481964
3667.462; 59513417937.31417
3667.944; 61827043150.29387
3668.426; 63696505471.26857
3668.908; 64945841704.7007
3669.39; 65338126923.38631
3669.872; 64915467173.70672
3670.354; 63993121100.14883
3670.836; 63243800989.192085
3671.319; 62509896374.626945
3671.801; 63127354795.310646
3672.283; 64664705362.03404
3672.765; 67291020540.00819
3673.247; 70671881763.5494
3673.729; 74154092510.45143
3674.211; 76912142916.5414
3674.693; 78527843414.30907
3675.176; 78175176858.41568
3675.658; 77334021031.70837
3676.14; 75959097267.58148
3676.622; 74836229022.1581
3677.104; 74262370616.96542
3677.586; 74266671875.43156
3678.068; 74689884325.11076
3678.55; 75288910861.1101
3679.032; 76062027217.22186
3679.515; 76191496712.90187
3679.997; 76710773026.1165
3680.479; 76980491010.90292
3680.961; 77279412672.24135
3681.443; 77625931078.4804
3681.925; 77991962488.31001
3682.407; 78324484836.0928
3682.889; 78828288404.73201
3683.372; 78842490107.83607
3683.854; 79590734002.99362
3684.336; 80542843506.96555
3684.818; 82094781825.16112
3685.3; 84328734050.88475
3685.782; 87180617174.19052
3686.264; 90398642630.78131
3686.746; 93835590562.28873
3687.229; 96258234316.67796
3687.711; 98568538895.25443
3688.193; 99872915716.95488
3688.675; 100556554147.75963
3689.157; 100851090004.77565
3689.639; 100966828773.06488
3690.121; 101018035320.54483
3690.603; 101025551279.2118
3691.085; 101225953514.51157
3691.568; 100833255023.38832
3692.05; 101106083178.9851
3692.532; 101335640596.86368
3693.014; 101847774215.05205
3693.496; 102666709653.31331
3693.978; 103745110008.13287
3694.46; 104958082865.90543
3694.942; 106407956652.011
3695.425; 107135811901.16931
3695.907; 108342664494.9107
3696.389; 109245333580.67319
3696.871; 110227920727.08382
3697.353; 111436331387.05254
3697.835; 112984823421.22923
3698.317; 114903553787.32278
3698.799; 117111641119.07219
3699.281; 119711494808.00467
3699.764; 121587913102.39468
3700.246; 123854348451.34752
3700.728; 125459829590.64127
3701.21; 126623914472.3741
3701.692; 127386265580.22516
3702.174; 127862462855.82008
3702.656; 128188114073.8644
3703.138; 128773221535.97836
3703.621; 128824410251.3705
3704.103; 129778157754.10484
3704.585; 130787395045.4773
3705.067; 132160301532.24411
3705.549; 133896944509.74936
3706.031; 135978726514.60324
3706.513; 138360562539.95078
3706.995; 141299927223.96664
3707.478; 143485834922.8192
3707.959; 147614303646.87582
3708.442; 150226516329.91098
3708.924; 154004574045.3848
3709.406; 157505092948.79767
3709.888; 160813461239.51923
3710.37; 163648235076.95242
3710.852; 165765527261.5481
3711.334; 167036273905.7671
3711.816; 167819196584.99274
3712.299; 167350869605.9937
3712.781; 167436678356.6697
3713.263; 167414856508.8409
3713.745; 167845465410.44937
3714.227; 168869506381.76642
3714.709; 170514617631.87683
3715.191; 172694413502.06628
3715.673; 175569521043.60947
3716.156; 177928508388.42776
3716.638; 181146745444.27237
3717.12; 184087622609.92505
3717.602; 187034243967.71317
3718.084; 190004673383.28467
3718.566; 193049206789.77914
3719.048; 196204662461.3082
3719.53; 199459708590.09277
3720.012; 203095087066.43936
3720.495; 205953790441.75467
3720.977; 209580629634.89844
3721.459; 212866319500.64746
3721.941; 216178528026.7791
3722.423; 219598142256.87375
3722.905; 223229087230.4858
3723.387; 227129004957.01193
3723.869; 231625888139.77524
3724.352; 235134455054.41235
3724.833; 240546303529.82327
3725.316; 243736978457.86502
3725.798; 247653918800.647
3726.28; 250828134546.77567
3726.762; 253794091021.6613
3727.244; 256885662013.11273
3727.726; 260509229620.83374
3728.208; 265013034632.1058
3728.69; 270950372927.10095
3729.173; 277168372181.49603
3729.655; 285111254597.10364
3730.137; 293228830377.6234
3730.619; 301434152805.1903
3731.101; 309441302381.9018
3731.583; 317258535791.74646
3732.065; 325163954238.44714
3732.547; 333910322147.91754
3733.03; 342739548806.24396
3733.512; 353320045731.2639
3733.994; 364324038386.61115
3734.476; 375650569408.0569
3734.958; 386929283420.00616
3735.44; 398101334767.2977
3735.922; 409484011585.4971
3736.404; 421640238026.7224
3736.886; 435378626434.10895
3737.369; 450336446131.158
3737.851; 467204170295.3594
3738.333; 483178489983.76843
3738.815; 484416234512.1523
3739.297; 484568012640.87134
