2617.894; 116214460182.47708
2618.376; 116300950076.09248
2618.858; 116405947000.01314
2619.34; 116504248245.531
2619.822; 116599841991.32303
2620.304; 116693820480.78474
2620.786; 116786715060.34499
2621.269; 116878523058.9062
2621.75; 116969765156.82129
2622.233; 117060231892.38164
2622.715; 117150509835.40036
2623.197; 117240557478.5353
2623.679; 117330660149.9334
2624.161; 117420917924.70547
2624.643; 117511331555.46935
2625.125; 117601796242.78305
2625.607; 117692251702.04378
2626.09; 117782296040.33331
2626.572; 117871967480.31886
2627.054; 117960970419.23265
2627.536; 118049435708.54927
2628.018; 118137466627.60616
2628.5; 118225231859.24072
2628.982; 118312917134.95691
2629.464; 118400812320.41682
2629.947; 118488830925.27655
2630.429; 118577284441.07034
2630.911; 118665997968.12944
2631.393; 118755101298.53255
2631.875; 118844568128.90659
2632.357; 118934340815.61964
2632.839; 119024324640.6917
2633.321; 119114389938.30968
2633.803; 119204536613.06607
2634.286; 119294373951.23798
2634.768; 119384145514.21205
2635.25; 119473579752.54823
2635.732; 119562890803.89226
2636.214; 119652195665.82893
2636.696; 119741618159.80614
2637.178; 119831235616.50328
2637.66; 119921200766.64162
2638.143; 120011143994.62685
2638.625; 120101287357.63445
2639.107; 120191186641.77252
2639.589; 120280875263.36707
2640.071; 120370298826.90805
2640.553; 120459482600.37415
2641.035; 120548512545.8133
2641.517; 120637663569.35974
2642.0; 120726749483.44775
2642.482; 120816232251.33989
2642.964; 120905838670.09396
2643.446; 120995704621.64717
2643.928; 121085769326.60956
2644.41; 121175956585.73071
2644.892; 121266196888.51837
2645.374; 121356443340.82034
2645.856; 121446848938.09297
2646.339; 121537092006.17084
2646.821; 121627634759.41809
2647.303; 121718167020.69878
2647.785; 121808866138.80592
2648.267; 121899708857.93488
2648.749; 121990639186.05833
2649.231; 122081569410.57089
2649.713; 122172574281.73056
2650.196; 122263206448.9168
2650.678; 122353864765.39845
2651.16; 122444164317.10583
2651.642; 122534297958.8734
2652.124; 122624320924.17801
2652.606; 122714316197.37526
2653.088; 122804376121.50095
2653.57; 122894582106.0817
2654.052; 122985165527.84464
2654.535; 123075769994.97324
2655.017; 123166832959.89919
2655.499; 123257897204.41194
2655.981; 123349021855.18823
2656.463; 123440081653.767
2656.945; 123530977239.23315
2657.427; 123621654118.8526
2657.909; 123712303389.4084
2658.392; 123802616137.22853
2658.874; 123893210295.55428
2659.356; 123983839020.20929
2659.838; 124074803488.18
2660.32; 124166175205.74522
2660.802; 124257965339.40657
2661.284; 124350115726.59785
2661.766; 124442712649.43979
2662.249; 124535002265.39536
2662.73; 124627994309.22638
2663.213; 124720147071.1659
2663.695; 124812515679.8526
2664.177; 124904400524.82521
2664.659; 124995973648.81006
2665.141; 125087265575.26093
2665.623; 125178364662.31573
2666.105; 125269392184.48747
2666.587; 125360673042.94832
2667.07; 125451894180.78781
2667.552; 125543678390.71132
2668.034; 125635606544.89464
2668.516; 125727819557.27919
2668.998; 125820218589.84073
2669.48; 125912688602.90509
2669.962; 126005118844.1669
2670.444; 126097636981.98131
2670.927; 126189776900.61292
2671.409; 126282177521.21321
2671.891; 126374486400.34875
2672.373; 126467026760.63637
2672.855; 126559900599.2534
2673.337; 126653153455.85495
2673.819; 126746739354.89847
2674.301; 126840510710.90828
2674.783; 126934460558.03204
2675.266; 127027875084.15778
2675.748; 127121198300.67436
2676.23; 127213864759.89444
2676.712; 127306134496.52808
2677.194; 127398175050.2947
2677.676; 127490223534.9557
2678.158; 127582498083.91463
2678.64; 127675347868.2034
2679.123; 127768085995.64648
2679.604; 127861944946.85153
2680.087; 127955129007.57977
2680.569; 128048821369.93375
2681.051; 128142215522.29645
2681.533; 128235531838.39445
2682.015; 128328859091.86688
2682.497; 128422333403.24855
2682.979; 128516067115.24521
2683.461; 128610331043.7033
2683.944; 128704576691.44243
2684.426; 128799403328.55075
2684.908; 128894179129.06186
2685.39; 128989029847.30988
2685.872; 129083887683.80038
2686.354; 129178715024.3971
2686.836; 129273472530.90347
2687.318; 129368336623.66226
2687.801; 129462707643.62804
2688.283; 129557242022.46712
2688.765; 129651379156.64935
2689.247; 129745383315.13017
2689.729; 129839343937.22575
2690.211; 129933379046.77478
2690.693; 130027580382.36223
2691.175; 130121963344.31935
2691.657; 130216684860.68092
2692.14; 130311068488.676
2692.622; 130405678832.40239
2693.104; 130499871387.30171
2693.586; 130593866222.887
2694.068; 130687758269.3699
2694.55; 130781718089.16295
2695.032; 130875915528.92908
2695.514; 130970692447.30771
2695.997; 131065510219.28398
2696.479; 131161019429.1331
2696.961; 131256536740.55426
2697.443; 131352171669.97586
2697.925; 131447852544.68422
2698.407; 131543576805.17252
2698.889; 131639373702.22371
2699.371; 131735504255.6935
2699.854; 131831363186.13664
2700.336; 131927618315.70113
2700.818; 132023544515.6161
2701.3; 132119234963.93248
2701.782; 132214598004.42339
2702.264; 132309645340.67287
2702.746; 132404491384.5706
2703.228; 132499315202.48502
2703.71; 132594550526.96793
2704.193; 132689767002.65063
2704.675; 132785797720.54105
2705.157; 132882033951.48178
2705.639; 132978618617.86417
2706.121; 133075424426.17628
2706.603; 133172338357.51936
2707.085; 133269269500.17441
2707.567; 133366407764.88055
2708.05; 133463114121.53473
2708.532; 133560170341.21992
2709.014; 133656948390.25075
2709.496; 133753678548.03535
2709.978; 133850346889.33986
2710.46; 133946952229.34283
2710.942; 134043493631.66145
2711.424; 134139954902.6557
2711.906; 134236554782.54025
2712.389; 134332653323.04585
2712.871; 134429021734.19322
2713.353; 134525050364.55989
2713.835; 134621028017.57304
2714.317; 134717044167.66977
2714.799; 134813227850.36885
2715.281; 134909702078.75374
2715.763; 135006806498.74495
2716.246; 135103955617.3721
2716.728; 135201936295.46867
2717.21; 135300051948.03198
2717.692; 135398448892.57237
2718.174; 135497013384.13918
2718.656; 135595637281.2539
2719.138; 135694197039.70352
2719.62; 135792816511.37248
2720.103; 135890456188.837
2720.584; 135988692022.87486
2721.067; 136085329026.89076
2721.549; 136182072542.68944
2722.031; 136278140718.11998
2722.513; 136373998087.56377
2722.995; 136469908482.47176
2723.477; 136566133625.8672
2723.959; 136662850912.43839
2724.441; 136760374199.1727
2724.924; 136858026618.77362
2725.406; 136956509679.54453
2725.888; 137055055628.18036
2726.37; 137153804143.40102
2726.852; 137252688543.79279
2727.334; 137351685930.09415
2727.816; 137450772933.6016
2728.298; 137550170939.2125
2728.781; 137649159489.28656
2729.263; 137748526917.86313
2729.745; 137847544763.7718
2730.227; 137946432379.45264
2730.709; 138045177858.88315
2731.191; 138143796657.7578
2731.673; 138242302591.01794
2732.155; 138340689530.89505
2732.637; 138439211274.70157
2733.12; 138537234320.5336
2733.602; 138635694865.8293
2734.084; 138734072553.54337
2734.566; 138832796318.90564
2735.048; 138932012013.993
2735.53; 139031786168.30954
2736.012; 139132044027.38525
2736.494; 139232855412.0289
2736.977; 139332985702.85834
2737.458; 139433992273.7545
2737.941; 139533423418.80615
2738.423; 139633073327.3523
2738.905; 139732083999.58398
2739.387; 139830919103.96265
2739.869; 139929784398.06662
2740.351; 140028843004.33908
2740.833; 140128163255.30203
2741.315; 140228000884.92105
2741.798; 140327625096.28735
2742.28; 140427865665.16782
2742.762; 140528002087.39938
2743.244; 140628270720.74652
2743.726; 140728630923.30347
2744.208; 140829021930.10266
2744.69; 140929344959.36145
2745.172; 141029765453.08392
2745.655; 141129532295.23697
2746.137; 141229544213.62195
2746.619; 141329192799.4143
2747.101; 141428879694.17682
2747.583; 141528749904.73297
2748.065; 141628921976.35294
2748.547; 141729445434.39816
2749.029; 141830287635.62897
2749.511; 141931643530.88455
2749.994; 142032721213.6093
2750.476; 142134377635.4177
2750.958; 142235873900.91605
2751.44; 142337478464.90298
2751.922; 142439196511.6044
2752.404; 142541039624.15433
2752.886; 142642998257.88785
2753.368; 142745330873.20078
2753.851; 142847285823.68588
2754.333; 142949765921.9951
2754.815; 143051987409.30316
2755.297; 143154150941.60776
2755.779; 143256164554.22192
2756.261; 143357954360.84464
2756.743; 143459470730.61615
2757.225; 143560991677.51465
2757.708; 143661871856.6417
2758.19; 143763126977.20477
2758.672; 143864135996.54263
2759.154; 143965215131.42453
2759.636; 144066345696.05353
2760.118; 144167473962.3737
2760.6; 144268541196.57007
2761.082; 144369521259.0339
2761.564; 144470732359.95923
2762.047; 144571604835.22562
2762.529; 144673187201.23395
2763.011; 144774897575.00812
2763.493; 144877023389.78915
2763.975; 144979475845.8844
2764.457; 145082100697.33508
2764.939; 145184722237.69626
2765.421; 145287494045.75336
2765.904; 145389687259.00308
2766.386; 145492283708.2043
2766.868; 145594684594.64264
2767.35; 145697251667.23724
2767.832; 145800006007.97058
2768.314; 145902900888.1138
2768.796; 146005835273.4969
2769.278; 146108690941.63782
2769.76; 146211664709.34225
2770.243; 146314039697.66504
2770.725; 146416781480.27304
2771.207; 146519258379.27518
2771.689; 146621817230.3898
2772.171; 146724511999.4695
2772.653; 146827391055.29208
2773.135; 146930489434.86862
2773.617; 147034124485.28107
2774.1; 147137620333.10263
2774.582; 147241907314.3575
2775.064; 147346203181.75232
2775.546; 147450632002.35187
2776.028; 147554971055.11346
2776.51; 147658991160.97696
2776.992; 147762510327.33035
2777.474; 147865750829.1079
2777.957; 147967824607.92096
2778.438; 148070846281.002
2778.921; 148172793427.44708
2779.403; 148275842612.30157
2779.885; 148379213809.05154
2780.367; 148483238111.37305
2780.849; 148587812213.2968
2781.331; 148692726586.81555
2781.813; 148797708836.32898
2782.295; 148902780780.66788
2782.778; 149007039856.2829
2783.26; 149111334890.4873
2783.742; 149214973129.65698
2784.224; 149318359262.1601
2784.706; 149421692868.16248
2785.188; 149525216966.60538
2785.67; 149629146411.89908
2786.152; 149733907249.52322
2786.635; 149838814134.75024
2787.117; 149944721977.4541
2787.599; 150050713910.57986
2788.081; 150156819495.55423
2788.563; 150262795108.9732
2789.045; 150368481077.9527
2789.527; 150473831275.10245
2790.009; 150578910570.3606
2790.491; 150684165187.37802
2790.974; 150789063350.64764
2791.456; 150894750907.2769
2791.938; 151000601169.61597
2792.42; 151106909297.54398
2792.902; 151213587071.3395
2793.384; 151320486568.14267
2793.866; 151427416556.78046
2794.348; 151534479371.3392
2794.831; 151640779694.6041
2795.313; 151747193367.65982
2795.795; 151852936894.7964
2796.277; 151958329988.21445
2796.759; 152063468224.443
2797.241; 152168514349.2785
2797.723; 152273657976.32822
2798.205; 152379383210.4299
2798.688; 152484833735.61105
2799.169; 152592027817.07956
2799.652; 152698509693.93152
2800.134; 152806064761.6712
2800.616; 152913404382.4823
2801.098; 153020505759.692
2801.58; 153127081241.05737
2802.062; 153232958734.82715
2802.544; 153338118291.09323
2803.026; 153442989991.18515
2803.509; 153547182959.11612
2803.991; 153651950658.11264
2804.473; 153756904313.8739
2804.955; 153862473838.7863
2805.437; 153968633690.39276
2805.919; 154075209128.0315
2806.401; 154181940803.3087
2806.883; 154288572665.71146
2807.365; 154395221954.93597
2807.848; 154501184493.28238
2808.33; 154607477016.12756
2808.812; 154713600244.7298
2809.294; 154820022546.77054
2809.776; 154926880554.61838
2810.258; 155034232880.00974
2810.74; 155142045151.33487
2811.222; 155250508860.33752
2811.705; 155358793379.07614
2812.187; 155467702654.93314
2812.669; 155576386883.7193
2813.151; 155684987363.65927
2813.633; 155793361953.25082
2814.115; 155901398002.12885
2814.597; 156009021746.406
2815.079; 156116513151.8062
2815.562; 156223254648.75192
2816.044; 156330310482.44412
2816.526; 156437146998.25244
2817.008; 156544191823.14706
2817.49; 156651545540.81366
2817.972; 156759269478.68576
2818.454; 156867395611.99512
2818.936; 156975940638.52692
2819.418; 157085212133.7119
2819.901; 157194505917.29987
2820.383; 157304730690.71664
2820.865; 157415050458.20502
2821.347; 157525538748.92404
2821.829; 157635913004.44815
2822.311; 157745892838.1214
2822.793; 157855258822.12607
2823.275; 157964207551.1648
2823.758; 158072101805.9833
2824.24; 158180067704.23257
2824.722; 158287652703.93854
2825.204; 158395376345.3989
2825.686; 158503393310.38242
2826.168; 158611760556.27383
2826.65; 158720433283.30167
2827.132; 158829590664.02383
2827.615; 158938430027.7544
2828.097; 159047766662.53058
2828.579; 159156845303.79327
2829.061; 159265915234.31332
2829.543; 159374979185.26773
2830.025; 159484084604.00165
2830.507; 159593313178.88394
2830.989; 159702758446.26776
2831.471; 159812786825.0976
2831.954; 159922742456.8225
2832.436; 160033486479.3475
2832.918; 160144172387.31964
2833.4; 160254852100.42023
2833.882; 160365273856.5167
2834.364; 160475243051.9508
2834.846; 160584662027.46527
2835.328; 160693841351.17523
2835.811; 160801969120.26736
2836.292; 160911054331.4168
2836.775; 161019055938.1878
2837.257; 161127929715.64496
2837.739; 161236829889.2964
2838.221; 161346113922.79648
2838.703; 161455872027.2872
2839.185; 161566219358.6936
2839.667; 161677247686.25742
2840.149; 161789258983.18286
2840.632; 161901446772.17847
2841.114; 162014477219.0922
2841.596; 162127293186.78073
2842.078; 162239800892.94754
2842.56; 162351703002.2515
2843.042; 162462876024.10678
2843.524; 162573384963.39578
2844.006; 162683738980.61728
2844.489; 162793564699.80753
2844.971; 162904042603.32675
2845.453; 163014650070.82965
2845.935; 163125678171.63165
2846.417; 163237018893.41214
2846.899; 163348520925.29495
2847.381; 163460052307.28833
2847.863; 163571536419.09494
2848.345; 163683250713.88654
2848.828; 163794558230.1776
2849.31; 163906439474.4714
2849.792; 164018282922.571
2850.274; 164130439142.31924
2850.756; 164242965290.633
2851.238; 164355905252.049
2851.72; 164469250462.7351
2852.202; 164583211212.3922
2852.685; 164696905449.53143
2853.167; 164811017301.92682
2853.649; 164924525310.27924
2854.131; 165037432815.58496
2854.613; 165149544968.21603
2855.095; 165260832071.53412
2855.577; 165371440045.28827
2856.059; 165481961426.13632
2856.542; 165591852520.00922
2857.023; 165703341040.419
2857.506; 165814486408.6663
2857.988; 165927227975.1367
2858.47; 166040518507.1028
2858.952; 166154377583.90063
2859.434; 166268450208.58844
2859.916; 166382393933.90793
2860.398; 166495942552.96652
2860.88; 166609247788.69556
2861.363; 166721644515.18893
2861.845; 166834182661.63126
2862.327; 166946400994.95084
2862.809; 167058830637.6443
2863.291; 167171692948.13303
2863.773; 167285150839.32895
2864.255; 167399276286.05554
2864.737; 167514029597.36658
2865.219; 167629555640.29993
2865.702; 167744909126.3872
2866.184; 167860706130.34827
2866.666; 167975895495.27197
2867.148; 168090464948.15848
2867.63; 168204230880.11197
2868.112; 168317203923.98587
2868.594; 168429596806.59775
2869.076; 168542070463.65546
2869.559; 168654398645.93866
2870.041; 168767826496.9613
2870.523; 168881825516.48944
2871.005; 168996546985.20007
2871.487; 169111644301.0265
2871.969; 169226697542.544
2872.451; 169341367695.6427
2872.933; 169455819077.45895
2873.416; 169569522316.30008
2873.898; 169683713730.8763
2874.38; 169798098031.8403
2874.862; 169913206010.14185
2875.344; 170029039448.697
2875.826; 170145355417.4338
2876.308; 170261760174.0188
2876.79; 170377860100.80234
2877.272; 170493697524.37143
2877.755; 170608573656.19415
2878.237; 170723557228.10806
2878.719; 170838218309.60388
2879.201; 170953038259.5054
2879.683; 171068065664.81586
2880.165; 171183191575.4505
2880.647; 171298197634.1449
2881.129; 171413142985.23846
2881.612; 171527264799.68912
2882.094; 171641435835.40472
2882.576; 171755147802.93283
2883.058; 171868861542.40808
2883.54; 171982737238.75293
2884.022; 172096870367.31384
2884.504; 172211279282.84433
2884.986; 172326220309.85754
2885.469; 172441058492.11038
2885.951; 172556665709.01367
2886.433; 172672472470.91675
2886.915; 172788804210.6346
2887.397; 172905666925.29843
2887.879; 173023005727.78302
2888.361; 173140707672.84015
2888.843; 173258623209.9557
2889.325; 173376885535.0454
2889.808; 173494675289.53308
2890.29; 173612745790.57397
2890.772; 173730269679.9596
2891.254; 173847385705.91727
2891.736; 173963979980.84262
2892.218; 174080029345.08514
2892.7; 174195633433.2087
2893.182; 174311322373.09235
2893.665; 174426512658.7038
2894.146; 174543379567.21942
2894.629; 174660002306.74103
2895.111; 174778287532.61996
2895.593; 174897162784.604
2896.075; 175016602738.67566
2896.557; 175136190126.01834
2897.039; 175255512316.92056
2897.521; 175374230772.0148
2898.003; 175492427550.21008
2898.486; 175609389849.304
2898.968; 175726125423.77936
2899.45; 175842218214.66177
2899.932; 175958310426.63913
2900.414; 176074798389.9904
2900.896; 176192040037.84106
2901.378; 176310248065.6364
2901.86; 176429710542.59653
2902.343; 176549524111.42282
2902.825; 176670157231.24533
2903.307; 176790415249.94376
2903.789; 176910096279.8207
2904.271; 177028853509.10718
2904.753; 177146558257.17484
2905.235; 177263295313.3728
2905.717; 177379299455.79205
2906.199; 177495140314.45584
2906.682; 177610484860.04584
2907.164; 177726360976.00223
2907.646; 177842301557.84097
2908.128; 177958686470.3232
2908.61; 178075628865.91302
2909.092; 178193253403.55652
2909.574; 178311652900.0816
2910.056; 178431124490.21088
2910.539; 178550936991.20004
2911.021; 178671738076.8876
2911.503; 178792621708.48447
2911.985; 178913603074.11057
2912.467; 179034477559.1997
2912.949; 179155134652.9869
2913.431; 179275531793.59833
2913.913; 179395956210.4676
2914.396; 179515457322.4831
2914.877; 179635838788.05286
2915.36; 179754874425.17017
2915.842; 179874396832.572
2916.324; 179993530148.2845
2916.806; 180112698901.51495
2917.288; 180232076688.5929
2917.77; 180351835361.44907
2918.252; 180472082583.99365
2918.734; 180593125904.80804
2919.217; 180714227195.42288
2919.699; 180836135826.29095
2920.181; 180957989442.77472
2920.663; 181079848532.96042
2921.145; 181201456225.25858
2921.627; 181322553501.06943
2922.109; 181442914105.07806
2922.591; 181562406615.3749
2923.073; 181681357453.38922
2923.556; 181799387918.06995
2924.038; 181917835073.9925
2924.52; 182036628256.25732
2925.002; 182156561050.18372
2925.484; 182277916893.71588
2925.966; 182400659576.2177
2926.448; 182524439507.02573
2926.93; 182649028901.45663
2927.413; 182773195237.24463
2927.895; 182897506762.59247
2928.377; 183021106342.54498
2928.859; 183144346908.23242
2929.341; 183267373340.4291
2929.823; 183390306126.31613
2930.305; 183513136859.9592
2930.787; 183636018028.8166
2931.27; 183758051421.69073
2931.752; 183879980479.13232
2932.234; 184001068000.14362
2932.716; 184121732800.19736
2933.198; 184242232880.44315
2933.68; 184362874813.75412
2934.162; 184483896594.87173
2934.644; 184605376726.44745
2935.126; 184727492707.42307
2935.609; 184849354116.7252
2936.091; 184971488659.68857
2936.573; 185092955884.4356
2937.055; 185213845469.89496
2937.537; 185334129076.9776
2938.019; 185453966570.55945
2938.501; 185573671952.40646
2938.983; 185693924603.7276
2939.466; 185814535368.3601
2939.948; 185936585725.8997
2940.43; 186059549504.7649
2940.912; 186183501770.63602
2941.394; 186308016819.36978
2941.876; 186432550009.34146
2942.358; 186556576561.5789
2942.84; 186680017469.94254
2943.323; 186802158956.6223
2943.805; 186923991826.07596
2944.287; 187045254065.64337
2944.769; 187166635873.7014
2945.251; 187288473930.96097
2945.733; 187410946120.1602
2946.215; 187534056953.7817
2946.697; 187657692962.4313
2947.179; 187781996752.74414
2947.662; 187906254401.29077
2948.144; 188031268107.75427
2948.626; 188156409072.8996
2949.108; 188281911719.594
2949.59; 188407636627.98477
2950.072; 188533351529.87842
2950.554; 188658771432.52487
2951.036; 188783947893.74677
2951.519; 188907864067.81976
2952.0; 189032372629.326
2952.483; 189155622407.7952
2952.965; 189279731404.6645
2953.447; 189404121053.60812
2953.929; 189529269242.95404
2954.411; 189655153598.05243
2954.893; 189781539734.90228
2955.375; 189908029339.47446
2955.857; 190034449929.77917
2956.34; 190159786513.67743
2956.822; 190284637931.5753
2957.304; 190408353655.17432
2957.786; 190531394341.9165
2958.268; 190654070387.19434
2958.75; 190776716017.1301
2959.232; 190899563821.16293
2959.714; 191022943018.70398
2960.197; 191146204339.4921
2960.679; 191269930597.68262
2961.161; 191393451059.99554
2961.643; 191517068197.07437
2962.125; 191640998836.75433
2962.607; 191765566190.84512
2963.089; 191891047672.34433
2963.571; 192017510097.7654
2964.053; 192144994444.04156
2964.536; 192272422926.17297
2965.018; 192399958873.0526
2965.5; 192526498083.8126
2965.982; 192652080655.08356
2966.464; 192776854226.35492
2966.946; 192901306000.24982
2967.428; 193026072849.4926
2967.91; 193151966883.49756
2968.393; 193278652931.58948
2968.875; 193406761131.209
2969.357; 193535279197.2687
2969.839; 193663931800.16638
2970.321; 193792256453.82574
2970.803; 193920002247.21347
2971.285; 194047134308.97147
2971.767; 194174036964.9121
2972.25; 194300009145.08475
2972.731; 194426729648.297
2973.214; 194552285887.37234
2973.696; 194678218515.54398
2974.178; 194803687328.10706
2974.66; 194929067208.76172
2975.142; 195054582199.38272
2975.624; 195180512914.731
2976.106; 195307080260.98962
2976.588; 195434622439.52426
2977.071; 195562486965.67462
2977.553; 195691185785.00165
2978.035; 195819906554.74908
2978.517; 195948707130.16888
2978.999; 196077464072.9395
2979.481; 196206119946.38785
2979.963; 196334625785.38678
2980.445; 196462889300.0938
2980.927; 196591031959.4714
2981.41; 196718363728.42484
2981.892; 196845527040.58145
2982.374; 196972011627.64658
2982.856; 197098240976.81085
2983.338; 197224446456.32452
2983.82; 197350842080.51285
2984.302; 197477541973.53867
2984.784; 197604796037.74536
2985.267; 197732030205.49796
2985.749; 197859865783.4267
2986.231; 197987840558.53146
2986.713; 198116345731.73087
2987.195; 198245546259.46176
2987.677; 198375513384.09116
2988.159; 198506108477.71826
2988.641; 198637216234.61273
2989.124; 198767771113.0429
2989.606; 198897944235.39752
2990.088; 199026842813.17358
2990.57; 199154674520.5979
2991.052; 199281709605.36792
2991.534; 199408454831.41772
2992.016; 199535480338.35245
2992.498; 199663231465.9408
2992.98; 199792149487.29703
2993.463; 199921659494.2491
2993.945; 200052125360.07928
2994.427; 200182695830.31314
2994.909; 200313305347.63843
2995.391; 200443741789.3657
2995.873; 200573891876.9773
2996.355; 200703688850.12878
2996.837; 200833319716.57144
2997.32; 200962242269.4989
2997.802; 201091070573.1815
2998.284; 201219386606.75165
2998.766; 201347632652.32764
2999.248; 201476121588.1962
2999.73; 201605208606.06314
3000.212; 201735165848.13348
3000.694; 201866313790.39276
3001.177; 201997999431.9986
3001.659; 202130438259.41522
3002.141; 202262621418.29428
3002.623; 202394283047.82077
3003.105; 202525063641.82294
3003.587; 202654838908.99277
3004.069; 202783726482.15756
3004.551; 202912021292.1767
3005.033; 203040311185.19278
3005.516; 203168473178.38885
3005.998; 203297227081.40378
3006.48; 203426175873.12503
3006.962; 203555487047.42532
3007.444; 203685104696.53546
3007.926; 203815061100.34167
3008.408; 203945509177.75082
3008.89; 204076934863.89185
3009.373; 204208908443.53644
3009.854; 204342852761.11353
3010.337; 204477178687.06674
3010.819; 204612885738.7543
3011.301; 204748733360.67194
3011.783; 204884363026.68182
3012.265; 205019213506.62875
3012.747; 205152895972.0004
3013.229; 205285253209.03067
3013.711; 205416611039.25894
3014.194; 205546789982.71033
3014.676; 205676799775.38666
3015.158; 205806617341.1681
3015.64; 205936872476.22577
3016.122; 206067838496.8993
3016.604; 206199632519.8895
3017.086; 206332200351.44205
3017.568; 206465581832.07977
3018.051; 206599049814.99405
3018.533; 206732872539.07108
3019.015; 206866340696.02158
3019.497; 206999516219.44
3019.979; 207132325252.81418
3020.461; 207264779671.70438
3020.943; 207396937373.822
3021.425; 207528859979.76624
3021.907; 207660814541.92514
3022.39; 207792424874.3079
3022.872; 207924273949.1961
3023.354; 208056093854.59503
3023.836; 208188344533.45078
3024.318; 208321316234.1053
3024.8; 208455253213.80286
3025.282; 208590215950.5598
3025.764; 208726209074.855
3026.247; 208862282296.45334
3026.729; 208998231417.01346
3027.211; 209132853703.58734
3027.693; 209265789410.63528
3028.175; 209396815330.95288
3028.657; 209526177882.29037
3029.139; 209654560770.2323
3029.621; 209783126095.55246
3030.104; 209912346420.639
3030.585; 210043850608.29523
3031.068; 210176875078.18503
3031.55; 210312075837.00122
3032.032; 210448291693.36697
3032.514; 210584915203.38486
3032.996; 210721208454.05518
3033.478; 210856690483.3759
3033.96; 210991217563.82306
3034.442; 211125182045.92603
3034.925; 211258628980.8292
3035.407; 211392517683.64075
3035.889; 211526942538.71866
3036.371; 211662410714.9234
3036.853; 211798989186.77884
3037.335; 211936514230.1007
3037.817; 212074641672.86328
3038.299; 212212931132.95068
3038.781; 212351174888.74265
3039.264; 212488603310.00552
3039.746; 212625530191.556
3040.228; 212761460565.69446
3040.71; 212896677814.8673
3041.192; 213031308174.62244
3041.674; 213165506104.64218
3042.156; 213299420579.70465
3042.638; 213433407228.3201
3043.121; 213567267838.22644
3043.603; 213701646627.77988
3044.085; 213836423358.53296
3044.567; 213972043792.79333
3045.049; 214108674990.53802
3045.531; 214246345646.115
3046.013; 214384901890.85275
3046.495; 214524252417.83066
3046.978; 214663591066.09424
3047.46; 214803022522.43906
3047.942; 214941838054.24896
3048.424; 215080109522.04712
3048.906; 215217819915.71783
3049.388; 215355040696.54077
3049.87; 215491854382.17615
3050.352; 215628282929.27014
3050.834; 215764457072.57437
3051.317; 215899876939.02258
3051.799; 216034770077.4983
3052.281; 216168669855.6942
3052.763; 216301795026.99088
3053.245; 216434343336.02893
3053.727; 216566685045.37476
3054.209; 216699288167.64218
3054.691; 216832781815.1631
3055.174; 216967268426.12244
3055.656; 217103131316.10043
3056.138; 217240061667.0608
3056.62; 217377976687.7489
3057.102; 217516540152.63873
3057.584; 217655424216.93817
3058.066; 217794366954.5721
3058.548; 217933377409.51144
3059.031; 218072066828.0895
3059.513; 218210659455.70956
3059.995; 218348777096.09973
3060.477; 218486493486.50702
3060.959; 218623713574.78732
3061.441; 218760417508.7323
3061.923; 218896711129.91965
3062.405; 219032842055.0487
3062.887; 219169334241.07867
3063.37; 219306314333.4706
3063.852; 219444309447.67572
3064.334; 219583181310.082
3064.816; 219722997622.49136
3065.298; 219863488644.87253
3065.78; 220004301896.68582
3066.262; 220145082932.88583
3066.744; 220285726204.30215
3067.227; 220425546229.84473
3067.708; 220565157580.84656
3068.191; 220703586974.7472
3068.673; 220841560592.7774
3069.155; 220978694872.3021
3069.637; 221115426279.56207
3070.119; 221252215831.33368
3070.601; 221389687676.43088
3071.083; 221528481980.54523
3071.565; 221669244220.79922
3072.048; 221811803166.50754
3072.53; 221956132944.52066
3073.012; 222101256698.6156
3073.494; 222246475313.8611
3073.976; 222390930187.21118
3074.458; 222533986133.52933
3074.94; 222675330812.20837
3075.422; 222815173408.54895
3075.905; 222953504432.5115
3076.387; 223091070006.9596
3076.869; 223228037548.3743
3077.351; 223365013936.32657
3077.833; 223502351516.6497
3078.315; 223640334081.41135
3078.797; 223779171569.7128
3079.279; 223918970950.3335
3079.761; 224059859661.68427
3080.244; 224201390646.47177
3080.726; 224343385641.51544
3081.208; 224485125897.9408
3081.69; 224626308363.81738
3082.172; 224766604038.4583
3082.654; 224905918363.61987
3083.136; 225044411753.69537
3083.618; 225182602253.55148
3084.101; 225320787799.03787
3084.583; 225459543583.51083
3085.065; 225599021745.08765
3085.547; 225739518472.74374
3086.029; 225881030178.87064
3086.511; 226023447474.25418
3086.993; 226166595124.65118
3087.475; 226310425225.11
3087.958; 226454322956.1016
3088.439; 226598579321.68964
3088.922; 226742277699.61426
3089.404; 226885754674.91916
3089.886; 227028464204.14774
3090.368; 227170578708.48947
3090.85; 227312275511.8081
3091.332; 227453871157.71402
3091.814; 227595718506.1774
3092.296; 227738240824.72876
3092.779; 227881308727.55264
3093.261; 228024902195.293
3093.743; 228168417892.24033
3094.225; 228311501996.635
3094.707; 228453689192.34253
3095.189; 228594722074.41766
3095.671; 228734658462.20035
3096.153; 228873891624.5659
3096.635; 229013199035.26025
3097.118; 229153184398.3886
3097.6; 229294462019.4499
3098.082; 229437159819.7757
3098.564; 229581229841.94867
3099.046; 229726143528.5802
3099.528; 229871205375.57986
3100.01; 230015776410.11288
3100.492; 230159603096.63333
3100.975; 230302495740.32983
3101.457; 230444769361.4076
3101.939; 230586691789.50354
3102.421; 230728773997.9524
3102.903; 230871213741.25568
3103.385; 231013997241.3533
3103.867; 231156980342.36865
3104.349; 231300178343.11526
3104.832; 231443556935.7352
3105.314; 231587448720.22202
3105.796; 231732235473.01404
3106.278; 231878504543.51907
3106.76; 232026456177.07037
3107.242; 232175866536.98065
3107.724; 232326069224.2343
3108.206; 232476092520.88428
3108.688; 232625052165.36157
3109.171; 232771912409.91946
3109.653; 232916292340.2858
3110.135; 233057909417.51428
3110.617; 233197209610.01392
3111.099; 233334766888.4494
3111.581; 233471300100.37958
3112.063; 233607542989.76334
3112.545; 233744231993.84418
3113.028; 233881996231.90982
3113.51; 234021014376.49722
3113.992; 234161680728.1843
3114.474; 234304202593.66446
3114.956; 234448552232.2676
3115.438; 234594539827.2756
3115.92; 234741858642.75638
3116.402; 234890258466.56848
3116.885; 235039401051.1569
3117.367; 235188875018.269
3117.849; 235338393338.41693
3118.331; 235487751469.90756
3118.813; 235636571549.78622
3119.295; 235784443805.36453
3119.777; 235931029252.55057
3120.259; 236076201240.84622
3120.741; 236220279066.18274
3121.224; 236363795376.71347
3121.706; 236507517307.7046
3122.188; 236652295360.7441
3122.67; 236798893701.25424
3123.152; 236947515051.0096
3123.634; 237097839852.35928
3124.116; 237249146815.54913
3124.598; 237400721067.33002
3125.081; 237551715689.74426
3125.563; 237701848888.7162
3126.045; 237851016267.2389
3126.527; 237999711162.91693
3127.009; 238148374961.4122
3127.491; 238297328239.24463
3127.973; 238446616947.1335
3128.455; 238596148209.11212
3128.938; 238745189814.1253
3129.419; 238893695839.10754
3129.902; 239040994080.28613
3130.384; 239187473331.4437
3130.866; 239333136785.01944
3131.348; 239478642551.89212
3131.83; 239624572867.24457
3132.312; 239771407939.99988
3132.794; 239919377197.96686
3133.276; 240068528925.4332
3133.759; 240218399668.16077
3134.241; 240368461675.7688
3134.723; 240518029727.2502
3135.205; 240666755880.694
3135.687; 240814358108.76218
3136.169; 240960808337.0594
3136.651; 241106328762.97076
3137.133; 241251339447.86237
3137.615; 241396468254.95572
3138.098; 241542221587.61725
3138.58; 241688859578.6866
3139.062; 241836551293.86212
3139.544; 241985309124.98727
3140.026; 242134807421.28622
3140.508; 242284552441.4025
3140.99; 242433990537.8472
3141.472; 242582736288.2934
3141.955; 242730493267.9321
3142.437; 242877102932.11053
3142.919; 243022866208.20346
3143.401; 243168454800.4945
3143.883; 243314599200.63638
3144.365; 243462009389.05756
3144.847; 243611187265.80215
3145.329; 243762405950.10654
3145.812; 243915365583.721
3146.293; 244069636312.03143
3146.776; 244224675169.52896
3147.258; 244380046436.56873
3147.74; 244535160048.39774
3148.222; 244689874948.73264
3148.704; 244843992750.03473
3149.186; 244997304617.45956
3149.668; 245149535079.65695
3150.15; 245300499930.1345
3150.633; 245449876322.64966
3151.115; 245597629952.95166
3151.597; 245744000095.1708
3152.079; 245889802881.89575
3152.561; 246035967782.3138
3153.043; 246183401613.7304
3153.525; 246332679585.32825
3154.007; 246483934294.02487
3154.49; 246636644182.06802
3154.972; 246789779714.43503
3155.454; 246942417207.70688
3155.936; 247094015072.29272
3156.418; 247244400521.18692
3156.9; 247393888068.20575
3157.382; 247543113740.48187
3157.864; 247692757187.04675
3158.346; 247843361812.03043
3158.829; 247995013810.96356
3159.311; 248147244440.18192
3159.793; 248299618999.5202
3160.275; 248451859773.71985
3160.757; 248603863697.70618
3161.239; 248755841722.76028
3161.721; 248908201915.74036
3162.203; 249061436411.60077
3162.686; 249215678736.2454
3163.168; 249370583053.72693
3163.65; 249525602819.3498
3164.132; 249680194041.6737
3164.614; 249833839130.8788
3165.096; 249986371485.68683
3165.578; 250138052909.14938
3166.06; 250289478640.4938
3166.542; 250441444270.98264
3167.025; 250594445567.0671
3167.507; 250748416597.3455
3167.989; 250902953075.38702
3168.471; 251057425874.1505
3168.953; 251211050529.51306
3169.435; 251363300324.23782
3169.917; 251514122942.00848
3170.399; 251664068092.65848
3170.882; 251814033354.40073
3171.364; 251964660964.01526
3171.846; 252116594513.7902
3172.328; 252269897115.442
3172.81; 252423917413.70462
3173.292; 252577564135.6604
3173.774; 252729680820.65717
3174.256; 252879529857.95096
3174.739; 253027179726.20026
3175.221; 253173021132.0727
3175.703; 253318727770.81067
3176.185; 253466195895.20648
3176.667; 253617060889.38455
3177.149; 253772192757.5181
3177.631; 253931396837.17123
3178.113; 254093479789.08844
3178.595; 254256729308.6058
3179.078; 254419289466.54382
3179.56; 254579486071.4591
3180.042; 254736589399.39725
3180.524; 254890830378.77222
3181.006; 255043097999.84732
3181.488; 255194738997.69196
3181.97; 255347117467.47464
3182.452; 255501272914.99973
3182.935; 255657544889.3473
3183.417; 255815281342.43314
3183.899; 255973637057.8451
3184.381; 256131631910.89197
3184.863; 256288356760.69275
3185.345; 256443295068.37415
3185.827; 256596416148.8815
3186.309; 256748208952.90634
3186.792; 256899393574.4315
3187.273; 257050461084.6065
3187.756; 257202663286.5215
3188.238; 257356217764.75772
3188.72; 257511584569.42657
3189.202; 257669067553.3186
3189.684; 257828753627.80124
3190.166; 257990546352.19653
3190.648; 258154102835.8344
3191.13; 258318933466.72256
3191.613; 258484057030.52356
3192.095; 258648442013.24664
3192.577; 258810953326.9167
3193.059; 258970949184.92957
3193.541; 259128036878.72165
3194.023; 259282336947.5884
3194.505; 259434488896.20093
3194.987; 259585537182.59235
3195.469; 259736798503.29025
3195.952; 259889393752.08795
3196.434; 260043815354.28394
3196.916; 260200212484.4014
3197.398; 260358223549.5666
3197.88; 260517023471.14154
3198.362; 260675702747.01804
3198.844; 260833552366.60858
3199.326; 260990369893.96317
3199.809; 261146364815.24063
3200.291; 261301965660.8644
3200.773; 261458043076.5379
3201.255; 261615502591.61572
3201.737; 261774858463.02408
3202.219; 261936162972.91232
3202.701; 262098984232.87543
3203.183; 262262665057.1545
3203.666; 262426066449.54227
3204.147; 262588466328.19418
3204.63; 262749036770.97098
3205.112; 262907562202.86163
3205.594; 263063698970.6521
3206.076; 263217754122.21112
3206.558; 263370172960.81332
3207.04; 263521646837.48755
3207.522; 263673051974.65445
3208.004; 263825405871.81348
3208.487; 263979703363.50534
3208.969; 264136170503.64163
3209.451; 264295095369.23492
3209.933; 264456176873.2423
3210.415; 264618646259.795
3210.897; 264781542810.12003
3211.379; 264943988891.46744
3211.861; 265105535720.44128
3212.344; 265266105410.86185
3212.826; 265425850651.1828
3213.308; 265585362360.05295
3213.79; 265745312469.0264
3214.272; 265906022410.57965
3214.754; 266067434435.94995
3215.236; 266229126917.81262
3215.718; 266390461973.95346
3216.2; 266550905845.4494
3216.683; 266709998184.29773
3217.165; 266867419541.33804
3217.647; 267023319162.6159
3218.129; 267178243345.35428
3218.611; 267332868529.21906
3219.093; 267488035235.08115
3219.575; 267644648599.67844
3220.057; 267803622820.37024
3220.54; 267965579242.44897
3221.022; 268130406334.97748
3221.504; 268297777257.38867
3221.986; 268466947684.89072
3222.468; 268636831462.2527
3222.95; 268806359134.2928
3223.432; 268974711064.43295
3223.914; 269141445894.6767
3224.396; 269306686008.7504
3224.879; 269470413861.0696
3225.361; 269633138806.39407
3225.843; 269794889403.2934
3226.325; 269956022589.0838
3226.807; 270116673766.5124
3227.289; 270277068775.549
3227.771; 270437621750.9738
3228.253; 270599112201.87808
3228.736; 270761978170.152
3229.218; 270926857924.42938
3229.7; 271093589502.2131
3230.182; 271261922202.374
3230.664; 271431051622.25085
3231.146; 271600037100.9854
3231.628; 271768046967.86847
3232.11; 271934763802.4628
3232.593; 272099625723.12964
3233.075; 272263103373.92673
3233.557; 272425030692.6221
3234.039; 272585854396.1651
3234.521; 272745760127.15686
3235.003; 272904948139.5718
3235.485; 273063732147.66617
3235.967; 273222619848.6091
3236.449; 273382485088.60495
3236.932; 273543835981.78152
3237.414; 273707476371.6641
3237.896; 273873451556.62277
3238.378; 274041814011.04388
3238.86; 274212086644.76917
3239.342; 274383588333.85458
3239.824; 274555569543.89456
3240.306; 274727561246.88864
3240.789; 274898432920.66754
3241.271; 275068094848.61993
3241.753; 275235503768.04724
3242.235; 275400509734.9069
3242.717; 275562973144.1315
3243.199; 275723146507.5195
3243.681; 275881686011.60065
3244.163; 276039731593.6908
3244.646; 276197769426.2913
3245.127; 276357213588.8299
3245.61; 276517556252.8135
3246.092; 276679296850.52344
3246.574; 276841708223.5932
3247.056; 277004832832.2902
3247.538; 277168917074.9887
3248.02; 277334574456.7914
3248.502; 277502485512.4079
3248.984; 277673191458.2024
3249.467; 277845959224.1072
3249.949; 278020013580.48236
3250.431; 278193331339.98694
3250.913; 278364470354.44617
3251.395; 278532231980.5088
3251.877; 278696252214.18646
3252.359; 278857092069.2141
3252.841; 279016034426.4283
3253.323; 279174833116.8818
3253.806; 279334552025.437
3254.288; 279496098832.3404
3254.77; 279659208380.626
3255.252; 279823544946.1262
3255.734; 279988478409.5732
3256.216; 280153591308.1271
3256.698; 280318807130.85443
3257.18; 280484509301.7646
3257.663; 280650727222.7536
3258.145; 280817840033.70135
3258.627; 280985588582.2001
3259.109; 281154030188.28046
3259.591; 281323061468.24023
3260.073; 281492715493.76
3260.555; 281663139549.6871
3261.037; 281834702181.4993
3261.52; 282006688460.0771
3262.001; 282179753818.07916
3262.484; 282351802168.1495
3262.966; 282523016914.4202
3263.448; 282691798574.14966
3263.93; 282857862498.1749
3264.412; 283021220739.85114
3264.894; 283182487848.0798
3265.376; 283342735821.6334
3265.858; 283503418094.6986
3266.341; 283665405194.12
3266.823; 283829698007.20844
3267.305; 283996368070.81354
3267.787; 284165532384.1178
3268.269; 284336895326.6803
3268.751; 284510085142.02094
3269.233; 284684714185.5792
3269.715; 284860624859.91364
3270.198; 285036808049.4859
3270.68; 285213153765.01434
3271.162; 285388346054.33185
3271.644; 285561858837.70294
3272.126; 285733112856.8139
3272.608; 285901995072.6999
3273.09; 286069010810.50696
3273.572; 286235265929.3167
3274.054; 286402499332.54987
3274.537; 286571580759.9957
3275.019; 286743901699.8423
3275.501; 286918784137.77423
3275.983; 287095354655.976
3276.465; 287271814293.44214
3276.947; 287446265929.7387
3277.429; 287617275534.4454
3277.911; 287784599681.3572
3278.394; 287948303558.3627
3278.876; 288110605723.1152
3279.358; 288273099663.1731
3279.84; 288437960250.139
3280.322; 288606164833.9705
3280.804; 288777369549.11475
3281.286; 288950035958.09924
3281.768; 289122003595.2929
3282.25; 289291501917.96246
3282.733; 289456946710.85394
3283.215; 289618921333.08673
3283.697; 289778570136.06604
3284.179; 289938773346.4166
3284.661; 290102503250.61566
3285.143; 290272019482.7233
3285.625; 290448001502.9011
3286.107; 290629586959.58636
3286.59; 290813782598.5013
3287.072; 290998270988.76355
3287.554; 291179992901.81635
3288.036; 291357750649.01086
3288.518; 291531305632.6286
3289.0; 291701601134.95264
3289.482; 291870377435.4203
3289.964; 292039891763.77277
3290.447; 292211070838.29504
3290.929; 292385275735.5098
3291.411; 292561515810.2974
3291.893; 292738976995.5931
3292.375; 292916320654.6027
3292.857; 293092459268.7845
3293.339; 293266813209.3113
3293.821; 293439316578.57074
3294.303; 293610558124.5648
3294.786; 293780259898.6048
3295.268; 293949475200.10095
3295.75; 294117663752.0248
3296.232; 294285180246.14453
3296.714; 294452194666.5588
3297.196; 294619142252.0074
3297.678; 294786703530.1385
3298.16; 294955917711.6992
3298.643; 295126865461.31287
3299.125; 295300393145.62494
3299.607; 295475820211.8258
3300.089; 295652977782.29816
3300.571; 295831377476.95825
3301.053; 296010673388.2724
3301.535; 296190690362.26056
3302.017; 296371700960.7479
3302.5; 296552346951.6775
3302.981; 296734479647.68726
3303.464; 296914791236.5641
3303.946; 297095083630.5378
3304.428; 297273778003.5924
3304.91; 297451337900.58734
3305.392; 297628188957.0054
3305.874; 297804929610.6214
3306.356; 297982008279.8658
3306.838; 298159873390.83093
3307.321; 298337215359.8404
3307.803; 298514482563.9063
3308.285; 298690004750.36426
3308.767; 298863700055.6094
3309.249; 299035541423.0948
3309.731; 299205946209.29376
3310.213; 299375581790.6439
3310.695; 299545117847.97943
3311.177; 299715414159.0248
3311.66; 299886110442.1177
3312.142; 300058458157.29663
3312.624; 300232145766.30743
3313.106; 300407941440.9866
3313.588; 300586085673.5134
3314.07; 300766337001.5693
3314.552; 300947796285.36597
3315.034; 301129437804.39923
3315.517; 301308921493.4356
3315.999; 301486341173.5369
3316.481; 301660707886.4014
3316.963; 301833320395.55426
3317.445; 302005841383.66254
3317.927; 302180050076.9048
3318.409; 302357063338.54364
3318.891; 302537242657.344
3319.374; 302718233864.7466
3319.855; 302900794634.27515
3320.338; 303080650454.27795
3320.82; 303259679392.54504
3321.302; 303436926804.1186
3321.784; 303613704916.6319
3322.266; 303790847220.24426
3322.748; 303968526681.0098
3323.23; 304146005586.0335
3323.712; 304322288635.6651
3324.195; 304495248521.94495
3324.677; 304665330343.5511
3325.159; 304832404333.008
3325.641; 304998757905.1218
3326.123; 305167051642.9852
3326.605; 305339712642.72626
3327.087; 305517949804.98016
3327.569; 305701676637.17596
3328.052; 305888368592.8655
3328.534; 306076682083.25183
3329.016; 306263777482.5876
3329.498; 306448664315.70245
3329.98; 306630734113.472
3330.462; 306809922120.8998
3330.944; 306986407981.9193
3331.426; 307160411877.4737
3331.908; 307332522588.15625
3332.391; 307502417806.7102
3332.873; 307671702300.9717
3333.355; 307840716148.1968
3333.837; 308011009619.0907
3334.319; 308183665741.00684
3334.801; 308359289191.98505
3335.283; 308537819816.0571
3335.765; 308718946113.6256
3336.248; 308901087653.9984
3336.73; 309084124693.7925
3337.212; 309266635389.6523
3337.694; 309448379046.2423
3338.176; 309628932673.09644
3338.658; 309808023858.7922
3339.14; 309985619264.4781
3339.622; 310162074694.077
3340.104; 310338568398.4618
3340.587; 310515613781.7946
3341.069; 310695299547.4558
3341.551; 310877625142.7365
3342.033; 311062698378.83673
3342.515; 311249363121.9187
3342.997; 311435944381.74493
3343.479; 311620848058.13367
3343.961; 311803506654.39825
3344.444; 311982979982.14044
3344.926; 312161078592.5837
3345.408; 312337875980.0654
3345.89; 312514407545.2705
3346.372; 312690656890.4626
3346.854; 312866056523.5286
3347.336; 313040044850.01953
3347.818; 313213192576.942
3348.301; 313386349468.958
3348.783; 313563311390.70856
3349.265; 313746647019.3981
3349.747; 313938833236.5665
3350.229; 314139620019.2974
3350.711; 314346194832.31305
3351.193; 314554186148.65344
3351.675; 314759114778.2115
3352.157; 314958092924.2411
3352.64; 315147800514.96136
3353.122; 315329861635.66473
3353.604; 315503972967.24677
3354.086; 315673051624.0818
3354.568; 315840231924.6207
3355.05; 316008805182.83875
3355.532; 316181455985.2402
3356.014; 316360120178.88574
3356.497; 316543834744.13153
3356.979; 316732753772.01764
3357.461; 316923730046.3067
3357.943; 317114711365.824
3358.425; 317303320580.7619
3358.907; 317487759097.6253
3359.389; 317667125811.05554
3359.871; 317842057622.2825
3360.354; 318012377658.74274
3360.835; 318182688574.42584
3361.318; 318351931740.30084
3361.8; 318523951052.70386
3362.282; 318697929987.7354
3362.764; 318873780923.1571
3363.246; 319050806333.5892
3363.728; 319228830243.9594
3364.21; 319408616739.16907
3364.692; 319592102673.809
3365.175; 319780056906.4819
3365.657; 319974301043.2195
3366.139; 320173153537.61694
3366.621; 320374689253.3205
3367.103; 320575804465.0354
3367.585; 320773586543.6482
3368.067; 320966081568.6772
3368.549; 321152673860.0023
3369.031; 321334622570.9616
3369.514; 321512416217.09784
3369.996; 321689978636.6752
3370.478; 321867964109.8896
3370.96; 322048011087.5633
3371.442; 322230336854.20105
3371.924; 322414516136.8766
3372.406; 322599896673.4038
3372.888; 322786476508.0236
3373.371; 322972880915.17535
3373.853; 323160838346.9719
3374.335; 323349342260.5688
3374.817; 323538981670.86566
3375.299; 323729597679.2971
3375.781; 323920757474.0155
3376.263; 324111783787.89734
3376.745; 324302452477.456
3377.228; 324490054223.25586
3377.709; 324677785888.57294
3378.192; 324860610037.223
3378.674; 325042306861.617
3379.156; 325221286285.7659
3379.638; 325398730821.62146
3380.12; 325575442557.98395
3380.602; 325752236629.9957
3381.084; 325929778524.2184
3381.566; 326109015605.46796
3382.049; 326289274325.52563
3382.531; 326472448916.1155
3383.013; 326658121966.7289
3383.495; 326847467882.3875
3383.977; 327041060204.14795
3384.459; 327238986636.6061
3384.941; 327440574044.8112
3385.423; 327645039762.5267
3385.906; 327848897219.098
3386.388; 328052543138.3217
3386.87; 328252818461.73914
3387.352; 328449556899.2331
3387.834; 328642633778.9186
3388.316; 328832514768.49255
3388.798; 329019973403.0767
3389.28; 329205753295.39044
3389.762; 329390929680.9757
3390.245; 329573889034.90356
3390.727; 329756453821.1119
3391.209; 329936364679.5816
3391.691; 330113650380.0551
3392.173; 330288117617.78796
3392.655; 330460272156.4644
3393.137; 330631456408.4446
3393.619; 330804235199.1445
3394.102; 330979972523.6923
3394.584; 331162129800.55566
3395.066; 331350560023.06885
3395.548; 331545013731.69617
3396.03; 331743505244.56036
3396.512; 331943522530.2923
3396.994; 332142889266.0524
3397.476; 332340363830.82904
3397.958; 332536454590.4226
3398.441; 332730396021.63074
3398.923; 332925520574.5378
3399.405; 333121057896.83813
3399.887; 333317605947.9264
3400.369; 333514212780.99475
3400.851; 333709405508.8132
3401.333; 333901803336.6614
3401.815; 334091352647.2666
3402.298; 334276646791.5502
3402.78; 334461054790.2947
3403.262; 334644303571.02795
3403.744; 334828082681.5897
3404.226; 335012634186.1492
3404.708; 335197321342.1218
3405.19; 335380993146.81836
3405.672; 335563191279.5807
3406.155; 335742358430.50793
3406.637; 335921026992.6956
3407.119; 336099418931.86816
3407.601; 336279640891.351
3408.083; 336462672211.694
3408.565; 336648519699.6783
3409.047; 336836435489.90015
3409.529; 337025584034.0969
3410.011; 337216242238.3701
3410.494; 337407886816.4929
3410.976; 337603401775.376
3411.458; 337802653846.6283
3411.94; 338006132451.09686
3412.422; 338212315611.9568
3412.904; 338418476821.5475
3413.386; 338621517695.4793
3413.868; 338819639645.88586
3414.351; 339009983286.43054
3414.833; 339195485238.8187
3415.315; 339376394158.38873
3415.797; 339556313458.6952
3416.279; 339738295642.33905
3416.761; 339924631724.4893
3417.243; 340116234160.2357
3417.725; 340313215640.8944
3418.208; 340511847537.3376
3418.689; 340714498546.27954
3419.172; 340913608088.6379
3419.654; 341111922040.55725
3420.136; 341305640505.2176
3420.618; 341494450078.7053
3421.1; 341677950209.7451
3421.582; 341856451145.60077
3422.064; 342030997438.1341
3422.546; 342203823859.0409
3423.029; 342375937012.71643
3423.511; 342551324473.4304
3423.993; 342731125892.6685
3424.475; 342917610109.5121
3424.957; 343112002109.58923
3425.439; 343314810541.2171
3425.921; 343525660715.1096
3426.403; 343743138677.70105
3426.885; 343965598789.6219
3427.368; 344187821698.96936
3427.85; 344409472015.33435
3428.332; 344625512098.66077
3428.814; 344834872624.61957
3429.296; 345036908096.46844
3429.778; 345232298964.5578
3430.26; 345422772865.72406
3430.742; 345611431538.99805
3431.225; 345798175253.4547
3431.707; 345987443913.35657
3432.189; 346177159287.36096
3432.671; 346367251909.9078
3433.153; 346556414989.67676
3433.635; 346743601461.8878
3434.117; 346928499630.9765
3434.599; 347112477691.9942
3435.082; 347294284717.21246
3435.563; 347480791141.2313
3436.046; 347666896443.0031
3436.528; 347858162598.00134
3437.01; 348051620354.70404
3437.492; 348246884067.53033
3437.974; 348442699893.5262
3438.456; 348638129291.9685
3438.938; 348832850427.43524
3439.42; 349028089895.6544
3439.903; 349222983565.6989
3440.385; 349421902430.4721
3440.867; 349624076513.1857
3441.349; 349830592505.6203
3441.831; 350040448353.926
3442.313; 350251416486.9753
3442.795; 350460613056.86176
3443.277; 350666383980.7929
3443.76; 350864738884.03845
3444.242; 351059873564.1423
3444.724; 351251617354.8004
3445.206; 351444719239.1195
3445.688; 351642956127.6462
3446.17; 351848383694.5301
3446.652; 352060218560.0854
3447.134; 352275050364.76
3447.616; 352489274310.2403
3448.099; 352695787386.7966
3448.581; 352896103787.3495
3449.063; 353086811429.12
3449.545; 353270604263.49976
3450.027; 353450814969.0296
3450.509; 353631397324.1326
3450.991; 353815379005.51166
3451.473; 354004563650.47955
3451.956; 354195036650.9089
3452.438; 354387542550.73724
3452.92; 354576893514.4603
3453.402; 354762506000.765
3453.884; 354944772123.13116
3454.366; 355125976460.65967
3454.848; 355309695867.63617
3455.33; 355500638429.886
3455.813; 355699319090.6083
3456.295; 355910006249.95746
3456.777; 356129031969.4031
3457.259; 356354064051.3953
3457.741; 356580854664.0421
3458.223; 356804988104.1558
3458.705; 357022534393.0708
3459.187; 357230492052.0995
3459.669; 357428268600.32294
3460.152; 357612658817.62103
3460.634; 357790032016.3979
3461.116; 357961107968.11414
3461.598; 358132129625.768
3462.08; 358308109611.1156
3462.562; 358492030626.2234
3463.044; 358683630440.6451
3463.526; 358880790273.29065
3464.009; 359076459604.1026
3464.491; 359270790491.71423
3464.973; 359459117488.34845
3465.455; 359642565253.5891
3465.937; 359823036793.203
3466.419; 360003243007.5264
3466.901; 360185439663.25806
3467.383; 360370428959.40924
3467.865; 360558301346.3364
3468.348; 360744627468.70844
3468.83; 360931148516.7344
3469.312; 361114374306.5152
3469.794; 361295448575.85016
3470.276; 361475969788.99634
3470.758; 361658657263.7123
3471.24; 361846830163.56976
3471.722; 362044850358.6709
3472.205; 362252072936.41736
3472.687; 362473803410.14136
3473.169; 362705720750.20557
3473.651; 362945509294.46
3474.133; 363188233613.4027
3474.615; 363428615205.41077
3475.097; 363662165605.15265
3475.579; 363888177161.2233
3476.062; 364098587881.29254
3476.543; 364312286314.4349
3477.026; 364512915152.2425
3477.508; 364723400974.272
3477.99; 364940667500.49146
3478.472; 365169641269.92
3478.954; 365409953676.1779
3479.436; 365658938723.04395
3479.918; 365913182086.3672
3480.4; 366172778638.08405
3480.883; 366427642944.69855
3481.365; 366689496024.0833
3481.847; 366949314179.34845
3482.329; 367208932603.12585
3482.811; 367467025249.5364
3483.293; 367722286957.58124
3483.775; 367973712305.3093
3484.257; 368223618892.1157
3484.74; 368464166247.591
3485.222; 368707592888.6787
3485.704; 368946431516.6211
3486.186; 369183075643.7397
3486.668; 369416671960.6244
3487.15; 369645863248.58746
3487.632; 369868968131.2118
3488.114; 370084175276.10736
3488.596; 370289443192.585
3489.079; 370484893089.6675
3489.561; 370665051538.0424
3490.043; 370833272945.37396
3490.525; 370989901049.4893
3491.007; 371138175865.901
3491.489; 371282046361.7512
3491.971; 371425102873.65967
3492.453; 371561512556.7984
3492.936; 371726530767.0561
3493.417; 371842816913.64606
3493.9; 372012117540.643
3494.382; 372150617829.3293
3494.864; 372301096075.5332
3495.346; 372456138971.3544
3495.828; 372618369570.71497
3496.31; 372789655707.49243
3496.792; 372971440926.7704
3497.274; 373153182175.051
3497.757; 373371518029.29767
3498.239; 373570833103.58093
3498.721; 373786398356.9856
3499.203; 374005422837.8638
3499.685; 374225958205.5947
3500.167; 374445903444.7762
3500.649; 374663959585.171
3501.131; 374869758396.9028
3501.614; 375095721743.16223
3502.096; 375294352587.56335
3502.578; 375499319547.9368
3503.06; 375702741817.21344
3503.542; 375906849952.02
3504.024; 376113821762.5104
3504.506; 376325905703.3626
3504.988; 376545416960.41473
3505.47; 376764286260.1251
3505.953; 377014705519.5532
3506.435; 377248664444.37885
3506.917; 377495038295.06995
3507.399; 377741735569.61383
3507.881; 377986068013.5928
3508.363; 378225932598.22943
3508.845; 378460611184.67566
3509.327; 378683773563.00977
3509.81; 378918658417.42084
3510.292; 379133750876.9439
3510.774; 379351943884.7409
3511.256; 379567701965.2168
3511.738; 379781666073.91064
3512.22; 379994309259.8887
3512.702; 380206631572.99445
3513.184; 380414174861.4048
3513.667; 380638695034.65643
3514.149; 380852300258.7949
3514.631; 381075671671.59076
3515.113; 381302674239.4943
3515.595; 381531777009.48474
3516.077; 381760628738.2201
3516.559; 381987044084.09503
3517.041; 382209702482.907
3517.523; 382423961255.7032
3518.006; 382644411172.566
3518.488; 382850916155.7382
3518.97; 383059025006.60205
3519.452; 383266414745.862
3519.934; 383474852899.09155
3520.416; 383685579508.55347
3520.898; 383899271616.5215
3521.38; 384111556904.8098
3521.863; 384336141540.46783
3522.345; 384550822859.8679
3522.827; 384769053033.9461
3523.309; 384986406015.9629
3523.791; 385202919750.1463
3524.273; 385418746966.2852
3524.755; 385634196593.3651
3525.237; 385849780945.15015
3525.719; 386062518765.0103
3526.202; 386284736007.5696
3526.684; 386498883387.1588
3527.166; 386716703657.29645
3527.648; 386934541686.1385
3528.13; 387152076577.4159
3528.612; 387368937268.79724
3529.094; 387585011022.3636
3529.576; 387797459039.75256
3530.059; 388016578316.5675
3530.541; 388227831933.6107
3531.023; 388441596407.4364
3531.505; 388655530712.7296
3531.987; 388870059659.3073
3532.469; 389085395402.75653
3532.951; 389301703786.76605
3533.433; 389516386082.524
3533.916; 389740747890.8129
3534.397; 389950424692.6274
3534.88; 390175198648.9023
3535.362; 390391207685.99786
3535.844; 390608707299.4897
3536.326; 390824868540.5074
3536.808; 391039280934.4803
3537.29; 391251543972.45465
3537.772; 391461504375.4843
3538.254; 391666950313.21643
3538.737; 391876914162.85547
3539.219; 392079870667.8776
3539.701; 392286305397.7801
3540.183; 392495663219.1832
3540.665; 392709376928.9385
3541.147; 392927738050.1931
3541.629; 393150077069.6433
3542.111; 393372682669.0336
3542.594; 393602663837.4397
3543.076; 393826684534.7324
3543.558; 394052160007.7489
3544.04; 394276596984.41296
3544.522; 394499911958.9952
3545.004; 394722042664.17267
3545.486; 394942982147.6281
3545.968; 395162831774.90454
3546.45; 395380353873.02734
3546.933; 395600858007.4214
3547.415; 395817020638.96063
3547.897; 396034121703.03534
3548.379; 396251127515.91956
3548.861; 396468294373.9568
3549.343; 396685752649.7661
3549.825; 396903583089.73145
3550.307; 397120553282.33026
3550.79; 397342208938.19336
3551.271; 397556442247.1322
3551.754; 397778384853.2748
3552.236; 397996314322.5461
3552.718; 398215595546.47614
3553.2; 398435156455.99554
3553.682; 398654986179.9548
3554.164; 398874965650.7666
3554.646; 399094957004.9093
3555.128; 399314015541.1374
3555.611; 399535132961.1759
3556.093; 399753578534.1581
3556.575; 399972397621.0235
3557.057; 400190969743.0081
3557.539; 400409459931.9356
3558.021; 400628002987.11884
3558.503; 400846708915.19
3558.985; 401065015832.4731
3559.468; 401285311934.51245
3559.95; 401503780058.821
3560.432; 401722713570.9336
3560.914; 401941547013.6093
3561.396; 402160350869.3407
3561.878; 402379247542.06146
3562.36; 402598405037.3929
3562.842; 402818000271.88885
3563.324; 403037740520.80756
3563.807; 403259318770.3659
3564.289; 403479840649.6152
3564.771; 403700647935.9329
3565.253; 403921118935.64343
3565.735; 404141086643.5738
3566.217; 404360533647.86475
3566.699; 404579548183.90625
3567.181; 404798071623.1285
3567.664; 405017015188.022
3568.146; 405234663109.67804
3568.628; 405451790479.79846
3569.11; 405668010257.2958
3569.592; 405883023250.54224
3570.074; 406096450931.463
3570.556; 406307885201.6087
3571.038; 406516260287.7625
3571.521; 406724090400.1239
3572.003; 406926842722.81213
3572.485; 407127918969.8814
3572.967; 407327328478.13916
3573.449; 407526354496.3582
3573.931; 407726522100.6264
3574.413; 407929328200.9903
3574.895; 408135949924.51385
3575.377; 408345395838.76245
3575.86; 408563121127.85376
3576.342; 408780096897.0409
3576.824; 409001085239.4988
3577.306; 409223731809.2326
3577.788; 409447325163.7745
3578.27; 409671209732.17236
3578.752; 409894845783.3849
3579.234; 410116472034.973
3579.717; 410340358238.4402
3580.199; 410559224671.4939
3580.681; 410777704720.25165
3581.163; 410994924533.31445
3581.645; 411211566892.6322
3582.127; 411428521544.1055
3582.609; 411646790503.9262
3583.091; 411867327160.3801
3583.573; 412089657006.59467
3584.056; 412318028284.1712
3584.538; 412545806003.64496
3585.02; 412776218198.61115
3585.502; 413007202972.237
3585.984; 413237820910.5097
3586.466; 413467373540.78577
3586.948; 413695595394.3686
3587.43; 413921864338.78424
3587.913; 414149764638.1227
3588.395; 414375251203.4273
3588.877; 414601973762.2896
3589.359; 414829542680.40283
3589.841; 415058008738.63666
3590.323; 415287140580.0364
3590.805; 415516611533.5672
3591.287; 415745532646.1772
3591.77; 415976567344.1965
3592.251; 416203281156.85297
3592.734; 416433580151.4636
3593.216; 416661465689.38934
3593.698; 416889569522.5823
3594.18; 417117417080.84406
3594.662; 417344997606.5286
3595.144; 417572277788.9071
3595.626; 417799247521.44604
3596.108; 418025556408.06665
3596.591; 418252868331.38885
3597.073; 418478549466.8477
3597.555; 418704223750.4492
3598.037; 418929563469.4435
3598.519; 419154622366.00433
3599.001; 419379522641.0365
3599.483; 419604498897.5264
3599.965; 419829508286.52826
3600.448; 420056418007.92194
3600.93; 420282745998.8008
3601.412; 420509980760.66876
3601.894; 420737533105.8338
3602.376; 420965104560.5004
3602.858; 421192455100.0486
3603.34; 421419488624.085
3603.822; 421646288015.1047
3604.304; 421872821738.67816
3604.787; 422100689499.4858
3605.269; 422327914465.6256
3605.751; 422555794757.9903
3606.233; 422783868758.11725
3606.715; 423011802212.401
3607.197; 423239262808.9749
3607.679; 423466027834.25684
3608.161; 423691793872.1996
3608.644; 423918085564.92914
3609.125; 424141620926.27606
3609.608; 424367411274.8964
3610.09; 424592106656.50916
3610.572; 424817513999.227
3611.054; 425043347859.7386
3611.536; 425269439830.5582
3612.018; 425495578432.9404
3612.5; 425721628007.912
3612.982; 425947134592.3786
3613.465; 426173794944.662
3613.947; 426398491450.14734
3614.429; 426622517038.9315
3614.911; 426844543549.5681
3615.393; 427063028035.0771
3615.875; 427275235538.5775
3616.357; 427475794432.04913
3616.839; 427649499376.33527
3617.322; 427767677627.10547
3617.804; 427629769379.0517
3618.286; 425174370524.0839
3618.768; 405297669934.971
3619.25; 427887057927.1454
3619.732; 428826600904.1409
3620.214; 429214241895.0943
3620.696; 429497121272.4107
3621.178; 429746062292.4948
3621.661; 429978558338.1493
3622.143; 430205059734.0668
3622.625; 430430183093.3746
3623.107; 430660966725.3994
3623.589; 430901499982.3155
3624.071; 431150177444.7761
3624.553; 431401213058.2614
3625.035; 431649890274.9617
3625.518; 431894425994.3485
3626.0; 432134727747.5027
3626.482; 432371855224.2855
3626.964; 432606693486.99963
3627.446; 432839827014.90283
3627.928; 433071671816.52216
3628.41; 433302545564.4837
3628.892; 433532705850.0191
3629.375; 433762979597.4191
3629.857; 433992622478.6105
3630.339; 434222483168.8659
3630.821; 434452778081.89594
3631.303; 434683591983.7057
3631.785; 434914830373.02783
3632.267; 435146284368.21326
3632.749; 435377742381.4147
3633.231; 435609044363.0474
3633.714; 435840724087.04175
3634.196; 436071743850.7264
3634.678; 436302773923.2569
3635.16; 436533910819.05426
3635.642; 436765258230.96686
3636.124; 436996865451.7726
3636.606; 437228714885.217
3637.088; 437460703673.1439
3637.571; 437693332503.2564
3638.053; 437925409398.44617
3638.535; 438157482677.199
3639.017; 438389511566.6312
3639.499; 438621505266.6292
3639.981; 438853476777.5924
3640.463; 439085436935.96466
3640.945; 439317396017.80804
3641.427; 439549324147.25336
3641.91; 439781875166.34357
3642.392; 440013910300.3646
3642.874; 440246116007.181
3643.356; 440478508365.826
3643.838; 440711139602.6419
3644.32; 440944037108.2847
3644.802; 441177198479.2947
3645.284; 441410536949.1149
3645.767; 441644657106.11554
3646.249; 441878261772.53986
3646.731; 442111947750.9728
3647.213; 442345604416.5578
3647.695; 442579181606.6954
3648.177; 442812627514.18024
3648.659; 443045889906.1562
3649.141; 443278849377.9
3649.624; 443512293459.9802
3650.105; 443744125877.18005
3650.588; 443977291266.60767
3651.07; 444209791637.50507
3651.552; 444442662376.35626
3652.034; 444675986819.1092
3652.516; 444909859326.5541
3652.998; 445144273106.9243
3653.48; 445379122732.62897
3653.962; 445614126381.24036
3654.445; 445849840784.5231
3654.927; 446084616298.3451
3655.409; 446319103737.11115
3655.891; 446553193492.53076
3656.373; 446786997983.5345
3656.855; 447020707332.1848
3657.337; 447254521726.5887
3657.819; 447488468981.2024
3658.302; 447723473983.4098
3658.784; 447957980437.1552
3659.266; 448192802970.20386
3659.748; 448427760628.6308
3660.23; 448662808494.8277
3660.712; 448897923111.1757
3661.194; 449133100039.25507
3661.676; 449368345571.43146
3662.158; 449603527966.4822
3662.641; 449839575916.92755
3663.123; 450074852301.9765
3663.605; 450310308384.6905
3664.087; 450545848433.58923
3664.569; 450781542955.34485
3665.051; 451017483177.92523
3665.533; 451253778305.3911
3666.015; 451490383769.592
3666.498; 451728482337.1856
3666.979; 451965273969.28326
3667.462; 452204284460.877
3667.944; 452442462537.90686
3668.426; 452680568674.6001
3668.908; 452918070065.6707
3669.39; 453154697920.61707
3669.872; 453390430401.7451
3670.354; 453625560749.3857
3670.836; 453860463598.8437
3671.319; 454096822261.7593
3671.801; 454333385587.36194
3672.283; 454571523470.5635
3672.765; 454811042305.2973
3673.247; 455051531692.7586
3673.729; 455292239478.0567
3674.211; 455532284418.58307
3674.693; 455770796839.0513
3675.176; 456008656477.46765
3675.658; 456244354887.822
3676.14; 456479696080.049
3676.622; 456715223409.5436
3677.104; 456951392501.35785
3677.586; 457188297072.72565
3678.068; 457425759989.04297
3678.55; 457663500713.48346
3679.032; 457901078812.56836
3679.515; 458139580169.2484
3679.997; 458377080057.3823
3680.479; 458614924358.7216
3680.961; 458853052950.95844
3681.443; 459091509766.38184
3681.925; 459330214689.5168
3682.407; 459569045040.58966
3682.889; 459807724210.35474
3683.372; 460047516915.9938
3683.854; 460286631171.398
3684.336; 460526576912.2428
3684.818; 460767422264.2742
3685.3; 461009282680.50055
3685.782; 461252022485.9661
3686.264; 461495269604.13367
3686.746; 461738297746.4351
3687.229; 461981774724.7129
3687.711; 462223371981.08344
3688.193; 462464231459.603
3688.675; 462704375801.4283
3689.157; 462944150667.85046
3689.639; 463183838711.988
3690.121; 463423565840.22424
3690.603; 463663321929.88403
3691.085; 463902814322.0603
3691.568; 464143278294.8213
3692.05; 464382668211.6292
3692.532; 464622381613.9204
3693.014; 464862333643.2289
3693.496; 465102604778.1805
3693.978; 465343166521.53125
3694.46; 465583913915.0851
3694.942; 465824480804.22284
3695.425; 466066090445.0394
3695.907; 466306616613.12244
3696.389; 466547517582.2548
3696.871; 466788767846.8165
3697.353; 467030540539.7946
3697.835; 467272879915.0495
3698.317; 467515686470.2761
3698.799; 467758755792.0989
3699.281; 468001586181.9793
3699.764; 468245244073.527
3700.246; 468487347888.5533
3700.728; 468729134056.18384
3701.21; 468970384473.22565
3701.692; 469211205758.60864
3702.174; 469451735777.1605
3702.656; 469692132846.9162
3703.138; 469932301635.78424
3703.621; 470173788587.3885
3704.103; 470414517221.2097
3704.585; 470656043918.4021
3705.067; 470898235146.44226
3705.549; 471141110830.7413
3706.031; 471384562407.8149
3706.513; 471628412144.83954
3706.995; 471872230223.3956
3707.478; 472117521357.3898
3707.959; 472360522468.4195
3708.442; 472606308724.275
3708.924; 472851243284.8005
3709.406; 473096983037.9578
3709.888; 473343122722.69147
3710.37; 473589285892.49854
3710.852; 473834967988.93304
3711.334; 474079739144.13275
3711.816; 474323147590.5501
3712.299; 474566644879.5062
3712.781; 474808309927.81915
3713.263; 475049915558.7643
3713.745; 475291586306.0674
3714.227; 475533572699.52844
3714.709; 475775978865.17847
3715.191; 476018826402.14233
3715.673; 476261866248.23535
3716.156; 476506455564.23126
3716.638; 476750460866.1491
3717.12; 476995327402.6976
3717.602; 477240891039.8065
3718.084; 477487131419.6605
3718.566; 477733886700.5642
3719.048; 477980895136.96796
3719.53; 478227879641.33765
3720.012; 478474391059.8806
3720.495; 478721572591.8218
3720.977; 478967281179.344
3721.459; 479212843177.69977
3721.941; 479458135218.94196
3722.423; 479703260603.2285
3722.905; 479948296816.84894
3723.387; 480193307946.53265
3723.869; 480438107458.17737
3724.352; 480684178564.1601
3724.833; 480927924344.9813
3725.316; 481173847699.01154
3725.798; 481418290357.44635
3726.28; 481662619731.7599
3726.762; 481906592773.85297
3727.244; 482150304447.42377
3727.726; 482393969217.0675
3728.208; 482637909591.3414
3728.69; 482882284555.8183
3729.173; 483128494406.5156
3729.655; 483374658420.5961
3730.137; 483621721781.08386
3730.619; 483869114445.9401
3731.101; 484116446232.4146
3731.583; 484363528069.47736
3732.065; 484610497344.5648
3732.547; 484857595180.6504
3733.03; 485106230561.59753
3733.512; 485354845633.6734
3733.994; 485604215384.0829
3734.476; 485853615748.1684
3734.958; 486102334679.29315
3735.44; 486349837142.1999
3735.922; 486595975261.15326
3736.404; 486840971487.8106
3736.886; 487085107780.024
3737.369; 487329529834.16797
3737.851; 487572791314.17474
3738.333; 487815282224.27997
3738.815; 488054702519.7963
3739.297; 488309008502.5557
