2617.894; 2.478148219653348e-19
2618.376; 2.4800582546640574e-19
2618.858; 2.4108871875055475e-19
2619.34; 2.3681145899828493e-19
2619.822; 2.3361742532088974e-19
2620.304; 2.310341195823397e-19
2620.786; 2.2880592938677877e-19
2621.269; 2.26987833126077e-19
2621.75; 2.2514026567868893e-19
2622.233; 2.236945516508618e-19
2622.715; 2.2223675530425757e-19
2623.197; 2.209371659927355e-19
2623.679; 2.1973914224643874e-19
2624.161; 2.1863413299052463e-19
2624.643; 2.1761162365426166e-19
2625.125; 2.1666086899866144e-19
2625.607; 2.15717464123572e-19
2626.09; 2.1493825650712924e-19
2626.572; 2.1405990931381421e-19
2627.054; 2.132464206440603e-19
2627.536; 2.1244249058555518e-19
2628.018; 2.116508912217625e-19
2628.5; 2.1087658351879787e-19
2628.982; 2.1012841436791592e-19
2629.464; 2.093564527331654e-19
2629.947; 2.0876049290259744e-19
2630.429; 2.0805964493641904e-19
2630.911; 2.0745066371977396e-19
2631.393; 2.068746734528813e-19
2631.875; 2.0633074858031875e-19
2632.357; 2.0581438756623274e-19
2632.839; 2.0531987102418182e-19
2633.321; 2.0484300411317941e-19
2633.803; 2.0431542453670216e-19
2634.286; 2.0394613431445077e-19
2634.768; 2.0342145120553257e-19
2635.25; 2.0295761755580028e-19
2635.732; 2.0249627176003905e-19
2636.214; 2.02045896626597e-19
2636.696; 2.0161253089024432e-19
2637.178; 2.0120205365917603e-19
2637.66; 2.007477144242496e-19
2638.143; 2.0047472966450705e-19
2638.625; 2.000428627136677e-19
2639.107; 1.996756131381145e-19
2639.589; 1.9930104462445477e-19
2640.071; 1.9892011462378068e-19
2640.553; 1.9853519982059804e-19
2641.035; 1.9815396024692114e-19
2641.517; 1.9771210233110943e-19
2642.0; 1.9745911114792022e-19
2642.482; 1.9704403023362653e-19
2642.964; 1.9671271158334513e-19
2643.446; 1.963925907358066e-19
2643.928; 1.9608314822849562e-19
2644.41; 1.9578061222537656e-19
2644.892; 1.9548191536089533e-19
2645.374; 1.9518842683765828e-19
2645.856; 1.948260941170231e-19
2646.339; 1.9465515363654551e-19
2646.821; 1.9430350392853188e-19
2647.303; 1.9403289696993567e-19
2647.785; 1.9376985336125018e-19
2648.267; 1.9351685794720201e-19
2648.749; 1.9327165280693596e-19
2649.231; 1.9303302358409996e-19
2649.713; 1.927182608873684e-19
2650.196; 1.925932113352505e-19
2650.678; 1.922631815517313e-19
2651.16; 1.9199880564350682e-19
2651.642; 1.9172393458560695e-19
2652.124; 1.9144561581159577e-19
2652.606; 1.9116881606822684e-19
2653.088; 1.9089850136975642e-19
2653.57; 1.9064190697314298e-19
2654.052; 1.903197610239974e-19
2654.535; 1.9021599470213298e-19
2655.017; 1.8991694995647202e-19
2655.499; 1.8970319158341067e-19
2655.981; 1.894876362549761e-19
2656.463; 1.8926857476276866e-19
2656.945; 1.8904256629651366e-19
2657.427; 1.8881127577439145e-19
2657.909; 1.8849085575241206e-19
2658.392; 1.883799170477844e-19
2658.874; 1.8805630004442923e-19
2659.356; 1.878222751818769e-19
2659.838; 1.8759861009302546e-19
2660.32; 1.8739307123120035e-19
2660.802; 1.872078818965261e-19
2661.284; 1.8704524247976555e-19
2661.766; 1.868107012970525e-19
2662.249; 1.8689481189511786e-19
2662.73; 1.8645451329525502e-19
2663.213; 1.8653945741970637e-19
2663.695; 1.8630229892716787e-19
2664.177; 1.8613729178651044e-19
2664.659; 1.859497767903157e-19
2665.141; 1.8574398067104903e-19
2665.623; 1.855251166719397e-19
2666.105; 1.8530456244696198e-19
2666.587; 1.8499968366220832e-19
2667.07; 1.849364573655967e-19
2667.552; 1.8465857369914042e-19
2668.034; 1.8448601900535914e-19
2668.516; 1.8432416897685742e-19
2668.998; 1.8417112455846955e-19
2669.48; 1.8402060685746253e-19
2669.962; 1.8387039855744375e-19
2670.444; 1.836227586180465e-19
2670.927; 1.836052677930359e-19
2671.409; 1.8334646964190864e-19
2671.891; 1.8318109498866526e-19
2672.373; 1.8302209190171183e-19
2672.855; 1.8287950150820368e-19
2673.337; 1.827562468447832e-19
2673.819; 1.8265030601964057e-19
2674.301; 1.825582648854729e-19
2674.783; 1.8237207093598393e-19
2675.266; 1.824173827561132e-19
2675.748; 1.8219504225884492e-19
2676.23; 1.8203932132437604e-19
2676.712; 1.8185614369607545e-19
2677.194; 1.8165923565542333e-19
2677.676; 1.814623995938834e-19
2678.158; 1.8128189524365662e-19
2678.64; 1.8102195386754329e-19
2679.123; 1.8113605989374143e-19
2679.604; 1.8066478743405398e-19
2680.087; 1.8080468609551831e-19
2680.569; 1.8058828777811198e-19
2681.051; 1.8046514564913122e-19
2681.533; 1.8033004537077672e-19
2682.015; 1.8019134979319275e-19
2682.497; 1.8005707633160935e-19
2682.979; 1.7993848524092735e-19
2683.461; 1.7973656665971328e-19
2683.944; 1.7980977334092338e-19
2684.426; 1.7963482271224567e-19
2684.908; 1.7956595672807103e-19
2685.39; 1.7949551679097343e-19
2685.872; 1.7942479679818396e-19
2686.354; 1.7935263942809965e-19
2686.836; 1.7928168605898074e-19
2687.318; 1.7910411728976197e-19
2687.801; 1.791837947793172e-19
2688.283; 1.7898577045221322e-19
2688.765; 1.788764633716537e-19
2689.247; 1.7875200682886687e-19
2689.729; 1.7862120633015925e-19
2690.211; 1.7848981390665823e-19
2690.693; 1.7836227117491872e-19
2691.175; 1.7824389679289943e-19
2691.657; 1.7802308103142075e-19
2692.14; 1.7807231357730585e-19
2692.622; 1.7783777456579929e-19
2693.104; 1.776954890250885e-19
2693.586; 1.7753881518631082e-19
2694.068; 1.7737926842186404e-19
2694.55; 1.7722692700115267e-19
2695.032; 1.770946268855964e-19
2695.514; 1.7687524190581696e-19
2695.997; 1.7695478961512447e-19
2696.479; 1.7676624805217433e-19
2696.961; 1.766905308833022e-19
2697.443; 1.7661098111005344e-19
2697.925; 1.7653073468700386e-19
2698.407; 1.7645249244839327e-19
2698.889; 1.7638428411133243e-19
2699.371; 1.762144017581877e-19
2699.854; 1.7633593812764905e-19
2700.336; 1.7616950480830286e-19
2700.818; 1.7610171277457586e-19
2701.3; 1.760104293011283e-19
2701.782; 1.7589585906552064e-19
2702.264; 1.7575987240838246e-19
2702.746; 1.7561042743117492e-19
2703.228; 1.7546392015095727e-19
2703.71; 1.7521590710189695e-19
2704.193; 1.752811990573765e-19
2704.675; 1.7507545565995394e-19
2705.157; 1.7500352020907298e-19
2705.639; 1.7494322098879218e-19
2706.121; 1.7489250083622492e-19
2706.603; 1.7484579177704614e-19
2707.085; 1.7480352068061343e-19
2707.567; 1.7464468517591761e-19
2708.05; 1.7478181278664715e-19
2708.532; 1.7461606773308754e-19
2709.014; 1.7456151500470022e-19
2709.496; 1.7449954090277526e-19
2709.978; 1.7443487728626653e-19
2710.46; 1.7436699547511539e-19
2710.942; 1.7429451607603475e-19
2711.424; 1.7421983031379298e-19
2711.906; 1.7401807088118012e-19
2712.389; 1.741098234643106e-19
2712.871; 1.7387912690289465e-19
2713.353; 1.7375101782566055e-19
2713.835; 1.7360799067962297e-19
2714.317; 1.734628473910823e-19
2714.799; 1.7332593668613624e-19
2715.281; 1.7321154053125458e-19
2715.763; 1.7300190871108424e-19
2716.246; 1.7313212955287572e-19
2716.728; 1.7297346436574282e-19
2717.21; 1.7295442404230022e-19
2717.692; 1.7294430741926028e-19
2718.174; 1.7294148900673674e-19
2718.656; 1.7293970591594908e-19
2719.138; 1.7293614349505365e-19
2719.62; 1.7279121826953742e-19
2720.103; 1.7306857624268156e-19
2720.584; 1.7255271782290737e-19
2721.067; 1.727645721941856e-19
2721.549; 1.7249235179553188e-19
2722.031; 1.7231894553047066e-19
2722.513; 1.7212442236985398e-19
2722.995; 1.719293726297723e-19
2723.477; 1.717499110629778e-19
2723.959; 1.716025753237252e-19
2724.441; 1.7136198205182826e-19
2724.924; 1.7147945076540654e-19
2725.406; 1.7129242431902792e-19
2725.888; 1.7124737220294455e-19
2726.37; 1.7120828202547745e-19
2726.852; 1.711772560592733e-19
2727.334; 1.711534526248976e-19
2727.816; 1.7114059600235612e-19
2728.298; 1.7100351094380197e-19
2728.781; 1.7119729555833395e-19
2729.263; 1.710498676347613e-19
2729.745; 1.7101694007520988e-19
2730.227; 1.7096389929142834e-19
2730.709; 1.7089609461439137e-19
2731.191; 1.7081504531652977e-19
2731.673; 1.7072224933652123e-19
2732.155; 1.7062377502696805e-19
2732.637; 1.7038504741664137e-19
2733.12; 1.7047849372423243e-19
2733.602; 1.7022790503384158e-19
2734.084; 1.7011372080782402e-19
2734.566; 1.700127430566577e-19
2735.048; 1.6994163904010297e-19
2735.53; 1.699067589112233e-19
2736.012; 1.6991001262182495e-19
2736.494; 1.697968743243584e-19
2736.977; 1.7016964009956997e-19
2737.458; 1.6970100658346434e-19
2737.941; 1.7003003723121887e-19
2738.423; 1.698395724509941e-19
2738.905; 1.697575306534711e-19
2739.387; 1.696517108219219e-19
2739.869; 1.695403472116676e-19
2740.351; 1.6943502346323567e-19
2740.833; 1.6934745894871438e-19
2741.315; 1.6913820915688055e-19
2741.798; 1.692943271908566e-19
2742.28; 1.6910414176933079e-19
2742.762; 1.6905545557988695e-19
2743.244; 1.6900671837639267e-19
2743.726; 1.6896237687446698e-19
2744.208; 1.6891996010445467e-19
2744.69; 1.6887971702136938e-19
2745.172; 1.6869226100166023e-19
2745.655; 1.6885019598709653e-19
2746.137; 1.6863174750702514e-19
2746.619; 1.6853930928179986e-19
2747.101; 1.6843839868464896e-19
2747.583; 1.6834477046503722e-19
2748.065; 1.6826651181165996e-19
2748.547; 1.68207248706048e-19
2749.029; 1.6817132857211495e-19
2749.511; 1.680081109383744e-19
2749.994; 1.6821834222286471e-19
2750.476; 1.6806246757256094e-19
2750.958; 1.680456950331072e-19
2751.44; 1.6802298990074992e-19
2751.922; 1.6800285800802942e-19
2752.404; 1.6798897570821876e-19
2752.886; 1.6798922385932272e-19
2753.368; 1.6785615522658292e-19
2753.851; 1.6810228258823968e-19
2754.333; 1.6797885333416219e-19
2754.815; 1.6799525172840517e-19
2755.297; 1.679973969784333e-19
2755.779; 1.6798464442572698e-19
2756.261; 1.6795208288081096e-19
2756.743; 1.6790261615324016e-19
2757.225; 1.6768627266869325e-19
2757.708; 1.678313785373376e-19
2758.19; 1.675856520698144e-19
2758.672; 1.674806233350812e-19
2759.154; 1.673704562838331e-19
2759.636; 1.6726234236979904e-19
2760.118; 1.6715430080698453e-19
2760.6; 1.6704345788604541e-19
2761.082; 1.6693501925696665e-19
2761.564; 1.6667827882425706e-19
2762.047; 1.6681560697576657e-19
2762.529; 1.665792596844203e-19
2763.011; 1.665110347213919e-19
2763.493; 1.6645727114609316e-19
2763.975; 1.6641840646346628e-19
2764.457; 1.6638507677397093e-19
2764.939; 1.6635294678219587e-19
2765.421; 1.6615885851903325e-19
2765.904; 1.663461599005074e-19
2766.386; 1.6613190322193134e-19
2766.868; 1.6606886971236888e-19
2767.35; 1.660078312620521e-19
2767.832; 1.6595763878099808e-19
2768.314; 1.6591522743180956e-19
2768.796; 1.6587334704650124e-19
2769.278; 1.6583011381726423e-19
2769.76; 1.6562057681520367e-19
2770.243; 1.6579740430740537e-19
2770.725; 1.6556023391877776e-19
2771.207; 1.6546898455084408e-19
2771.689; 1.653703388839457e-19
2772.171; 1.6527638360024948e-19
2772.653; 1.6519278085315196e-19
2773.135; 1.6513033430185898e-19
2773.617; 1.6493124015046326e-19
2774.1; 1.6516105764624958e-19
2774.582; 1.6500368323671236e-19
2775.064; 1.6501703869426043e-19
2775.546; 1.6502825960377073e-19
2776.028; 1.650284382405486e-19
2776.51; 1.6500191824298094e-19
2776.992; 1.6494228633155894e-19
2777.474; 1.6467501802049744e-19
2777.957; 1.6495127134753711e-19
2778.438; 1.642185358970222e-19
2778.921; 1.644808449559958e-19
2779.403; 1.6418477269807708e-19
2779.885; 1.64092332421998e-19
2780.367; 1.6403532216697133e-19
2780.849; 1.6401317172548845e-19
2781.331; 1.6401225122742206e-19
2781.813; 1.6402103326597474e-19
2782.295; 1.6385419479094292e-19
2782.778; 1.640812913741736e-19
2783.26; 1.6385047592231185e-19
2783.742; 1.6374666869240044e-19
2784.224; 1.6361153631641014e-19
2784.706; 1.634674300708892e-19
2785.188; 1.6333366911015044e-19
2785.67; 1.6323420947220593e-19
2786.152; 1.6301049374661883e-19
2786.635; 1.6325779357055474e-19
2787.117; 1.6311154388860666e-19
2787.599; 1.631504707857216e-19
2788.081; 1.6318659679410688e-19
2788.563; 1.632100992909681e-19
2789.045; 1.632099366192262e-19
2789.527; 1.6318315657322053e-19
2790.009; 1.6314185120368227e-19
2790.491; 1.6292454186920531e-19
2790.974; 1.6314588006816661e-19
2791.456; 1.6294612759195105e-19
2791.938; 1.6293409646762734e-19
2792.42; 1.6293827676710238e-19
2792.902; 1.629616810131052e-19
2793.384; 1.6299708038892637e-19
2793.866; 1.6304087363320945e-19
2794.348; 1.629067447141387e-19
2794.831; 1.631934901219422e-19
2795.313; 1.6301096650405381e-19
2795.795; 1.629652327486276e-19
2796.277; 1.6288330781301144e-19
2796.759; 1.6277979505500367e-19
2797.241; 1.626674136992902e-19
2797.723; 1.6256683023948284e-19
2798.205; 1.6230686484001028e-19
2798.688; 1.6270357281288346e-19
2799.169; 1.6206198596582159e-19
2799.652; 1.6252314998906475e-19
2800.134; 1.6237169644115206e-19
2800.616; 1.6239751472939436e-19
2801.098; 1.6239365058681572e-19
2801.58; 1.6234808957577937e-19
2802.062; 1.6225082138226996e-19
2802.544; 1.621092173165253e-19
2803.026; 1.6175255396609026e-19
2803.509; 1.6183516813198724e-19
2803.991; 1.614620631185152e-19
2804.473; 1.6128868637158958e-19
2804.955; 1.611446224559228e-19
2805.437; 1.6103767063010087e-19
2805.919; 1.6095767420949762e-19
2806.401; 1.6088798853546338e-19
2806.883; 1.6081898940941272e-19
2807.365; 1.6055396569603483e-19
2807.848; 1.6073623012512364e-19
2808.33; 1.6043770724832991e-19
2808.812; 1.6031775410249057e-19
2809.294; 1.602056148795173e-19
2809.776; 1.6012054823789771e-19
2810.258; 1.6006895294623071e-19
2810.74; 1.600568353813853e-19
2811.222; 1.598893680534333e-19
2811.705; 1.6021013868810974e-19
2812.187; 1.600609264801852e-19
2812.669; 1.6008554991345878e-19
2813.151; 1.600872315058321e-19
2813.633; 1.6006617727416594e-19
2814.115; 1.6001780003106555e-19
2814.597; 1.5994689061148617e-19
2815.079; 1.596637187429203e-19
2815.562; 1.598371631998283e-19
2816.044; 1.5951458564014077e-19
2816.526; 1.5937111250481664e-19
2817.008; 1.5922677130196337e-19
2817.49; 1.5909816852104968e-19
2817.972; 1.5899190163836254e-19
2818.454; 1.5891275617691962e-19
2818.936; 1.5887226864773854e-19
2819.418; 1.586803573043834e-19
2819.901; 1.590116913156251e-19
2820.383; 1.5888822805749482e-19
2820.865; 1.5897473375394394e-19
2821.347; 1.5906232628780582e-19
2821.829; 1.5913854462605967e-19
2822.311; 1.591833982578828e-19
2822.793; 1.5918850635956687e-19
2823.275; 1.5895087126577332e-19
2823.758; 1.5915765859613262e-19
2824.24; 1.5883372134805136e-19
2824.722; 1.5868161746877533e-19
2825.204; 1.5852392634419809e-19
2825.686; 1.5838212098679217e-19
2826.168; 1.5826277457154332e-19
2826.65; 1.5817189017315556e-19
2827.132; 1.5790294127355071e-19
2827.615; 1.5814159029841715e-19
2828.097; 1.578745340060551e-19
2828.579; 1.5779233954312733e-19
2829.061; 1.57694747980165e-19
2829.543; 1.5759233792364148e-19
2830.025; 1.574905161113769e-19
2830.507; 1.573966356108324e-19
2830.989; 1.5732657147451204e-19
2831.471; 1.570840368751222e-19
2831.954; 1.57376142868651e-19
2832.436; 1.571765822827644e-19
2832.918; 1.571795139395221e-19
2833.4; 1.5716615334314312e-19
2833.882; 1.5712780204815662e-19
2834.364; 1.570523873943287e-19
2834.846; 1.5694190799916498e-19
2835.328; 1.565860122106587e-19
2835.811; 1.5692627623782424e-19
2836.292; 1.5601320690730198e-19
2836.775; 1.563394765578827e-19
2837.257; 1.5594561916447844e-19
2837.739; 1.5577376076339584e-19
2838.221; 1.5561456827209169e-19
2838.703; 1.5548294848575669e-19
2839.185; 1.553892310950682e-19
2839.667; 1.5535047876506005e-19
2840.149; 1.551608942705322e-19
2840.632; 1.5554093017951246e-19
2841.114; 1.5541882447949603e-19
2841.596; 1.5549605851461946e-19
2842.078; 1.555362672499045e-19
2842.56; 1.555269926737361e-19
2843.042; 1.5546103535329068e-19
2843.524; 1.5535317200864158e-19
2844.006; 1.5500940160913322e-19
2844.489; 1.5518930340863852e-19
2844.971; 1.548444255150152e-19
2845.453; 1.5472319472532114e-19
2845.935; 1.5461451825411109e-19
2846.417; 1.5452051056932116e-19
2846.899; 1.5443267115713165e-19
2847.381; 1.5434502013600084e-19
2847.863; 1.5426495779902555e-19
2848.345; 1.539813296122024e-19
2848.828; 1.542470711425465e-19
2849.31; 1.5398547888424527e-19
2849.792; 1.5394903769694225e-19
2850.274; 1.5392694627966074e-19
2850.756; 1.5393134287270532e-19
2851.238; 1.5396552131965234e-19
2851.72; 1.5403712029780515e-19
2852.202; 1.5392227943743203e-19
2852.685; 1.5436186328524107e-19
2853.167; 1.5423967572455044e-19
2853.649; 1.5428652301775788e-19
2854.131; 1.5426337666668758e-19
2854.613; 1.5416619550688268e-19
2855.095; 1.5399704716349733e-19
2855.577; 1.5378008907903314e-19
2856.059; 1.5331421477712016e-19
2856.542; 1.5363310571773112e-19
2857.023; 1.5266114178914108e-19
2857.506; 1.5308063165904528e-19
2857.988; 1.5278531631988222e-19
2858.47; 1.5276924427258263e-19
2858.952; 1.5278044649186857e-19
2859.434; 1.5280007374600454e-19
2859.916; 1.528038349305275e-19
2860.398; 1.5278252174490183e-19
2860.88; 1.525038344569035e-19
2861.363; 1.5275139627656182e-19
2861.845; 1.5240547702869016e-19
2862.327; 1.5226469895475897e-19
2862.809; 1.5212382307710633e-19
2863.291; 1.5200952233377902e-19
2863.773; 1.5193513298772844e-19
2864.255; 1.519075070373327e-19
2864.737; 1.5193457586442722e-19
2865.219; 1.5177963058131803e-19
2865.702; 1.522156894369902e-19
2866.184; 1.5207276621250808e-19
2866.666; 1.521154851854778e-19
2867.148; 1.520941458447709e-19
2867.63; 1.520056471695873e-19
2868.112; 1.5185388915068225e-19
2868.594; 1.5166696763946021e-19
2869.076; 1.5124492064434498e-19
2869.559; 1.5142534814134539e-19
2870.041; 1.5107095344833977e-19
2870.523; 1.509958050267815e-19
2871.005; 1.5095888773675205e-19
2871.487; 1.5094355786349696e-19
2871.969; 1.5091909825344284e-19
2872.451; 1.5086985505621025e-19
2872.933; 1.5055410011319222e-19
2873.416; 1.5079778380413622e-19
2873.898; 1.5044989167622386e-19
2874.38; 1.5035563680955367e-19
2874.862; 1.5030252779716198e-19
2875.344; 1.5030241556177418e-19
2875.826; 1.5033791275112895e-19
2876.308; 1.5037887465050606e-19
2876.79; 1.5040386659448714e-19
2877.272; 1.501562742163367e-19
2877.755; 1.5045794485057555e-19
2878.237; 1.5012690754680705e-19
2878.719; 1.5000818003133922e-19
2879.201; 1.4988208462137146e-19
2879.683; 1.4976510083018102e-19
2880.165; 1.4965283185616282e-19
2880.647; 1.4954092118426138e-19
2881.129; 1.4917401085714753e-19
2881.612; 1.4938091817713335e-19
2882.094; 1.4894996260911219e-19
2882.576; 1.487290706814978e-19
2883.058; 1.4849162945624503e-19
2883.54; 1.4826009258276846e-19
2884.022; 1.4804354073423764e-19
2884.504; 1.4785476716435464e-19
2884.986; 1.4745041689970848e-19
2885.469; 1.4768115166797278e-19
2885.951; 1.4732063724118188e-19
2886.433; 1.4722442302181e-19
2886.915; 1.471530878496199e-19
2887.397; 1.471172709172217e-19
2887.879; 1.4711278296900477e-19
2888.361; 1.4713124137243188e-19
2888.843; 1.4717216147533783e-19
2889.325; 1.4697942851470935e-19
2889.808; 1.4740094622853681e-19
2890.29; 1.471859847380599e-19
2890.772; 1.4718196130459605e-19
2891.254; 1.4713256485832e-19
2891.736; 1.4703976593831708e-19
2892.218; 1.4690258771188857e-19
2892.7; 1.467375898210004e-19
2893.182; 1.4630413512122165e-19
2893.665; 1.4675853984736137e-19
2894.146; 1.4574918751108552e-19
2894.629; 1.463035294002165e-19
2895.111; 1.4604490992402334e-19
2895.593; 1.4609797971490366e-19
2896.075; 1.4618013621708168e-19
2896.557; 1.4626975553582392e-19
2897.039; 1.4633667021023865e-19
2897.521; 1.4636557246077356e-19
2898.003; 1.4608822210122606e-19
2898.486; 1.4638144343402766e-19
2898.968; 1.4597885679363852e-19
2899.45; 1.4578117306136637e-19
2899.932; 1.4556406739599745e-19
2900.414; 1.4537047160337866e-19
2900.896; 1.452315626086725e-19
2901.378; 1.4517703329485727e-19
2901.86; 1.4495349617637325e-19
2902.343; 1.4543508656628617e-19
2902.825; 1.452976376451405e-19
2903.307; 1.4539055266257852e-19
2903.789; 1.4541849711305664e-19
2904.271; 1.4536458221142284e-19
2904.753; 1.4522002799474354e-19
2905.235; 1.4499410806577597e-19
2905.717; 1.4471879233077456e-19
2906.199; 1.441592899363339e-19
2906.682; 1.4424566911265976e-19
2907.164; 1.436801081049029e-19
2907.646; 1.4338179792209895e-19
2908.128; 1.4309938057218923e-19
2908.61; 1.4285452527900056e-19
2909.092; 1.4266086435377654e-19
2909.574; 1.425390422683738e-19
2910.056; 1.4222890950078712e-19
2910.539; 1.4263934105554095e-19
2911.021; 1.4242564912469489e-19
2911.503; 1.4248191748969883e-19
2911.985; 1.4252329755206717e-19
2912.467; 1.4254515574790698e-19
2912.949; 1.425418516923113e-19
2913.431; 1.4252286827463183e-19
2913.913; 1.4221532584177334e-19
2914.396; 1.428215916466003e-19
2914.877; 1.418103870706565e-19
2915.36; 1.4237533002541425e-19
2915.842; 1.419823541607031e-19
2916.324; 1.4184285959850902e-19
2916.806; 1.416938798970556e-19
2917.288; 1.4156261623695024e-19
2917.77; 1.4146678362937998e-19
2918.252; 1.4142753734908627e-19
2918.734; 1.4117720591951525e-19
2919.217; 1.4164339866088882e-19
2919.699; 1.4145559633527805e-19
2920.181; 1.4153199879911954e-19
2920.663; 1.415844923041607e-19
2921.145; 1.4160429122723264e-19
2921.627; 1.4157276749259433e-19
2922.109; 1.41474626279032e-19
2922.591; 1.4131346561951026e-19
2923.073; 1.4082289385587288e-19
2923.556; 1.4097721509515072e-19
2924.038; 1.4043949071398473e-19
2924.52; 1.402083579367181e-19
2925.002; 1.4005307068917262e-19
2925.484; 1.4000914659716486e-19
2925.966; 1.400761639605426e-19
2926.448; 1.4023780384073356e-19
2926.93; 1.4017589290687257e-19
2927.413; 1.4080308673861355e-19
2927.895; 1.407009478007151e-19
2928.377; 1.408154302890966e-19
2928.859; 1.4087916314357044e-19
2929.341; 1.409201701029837e-19
2929.823; 1.4095401432223018e-19
2930.305; 1.4099416425173553e-19
2930.787; 1.4075090908953123e-19
2931.27; 1.411739459261259e-19
2931.752; 1.4084238454686155e-19
2932.234; 1.4072025761457899e-19
2932.716; 1.4053987991387835e-19
2933.198; 1.4033613992397666e-19
2933.68; 1.4013724400304417e-19
2934.162; 1.3996544166326376e-19
2934.644; 1.3984035436796467e-19
2935.126; 1.394706706382558e-19
2935.609; 1.398217456365897e-19
2936.091; 1.3943729818720085e-19
2936.573; 1.3928007534366796e-19
2937.055; 1.3905318766192247e-19
2937.537; 1.3877015490029485e-19
2938.019; 1.3845040724479977e-19
2938.501; 1.3813617489463616e-19
2938.983; 1.3757677580444694e-19
2939.466; 1.3780757449756303e-19
2939.948; 1.3740133410345728e-19
2940.43; 1.3736373266005012e-19
2940.912; 1.3738902968334265e-19
2941.394; 1.3745181912147048e-19
2941.876; 1.3750606750602747e-19
2942.358; 1.3751823284620557e-19
2942.84; 1.3716743100496255e-19
2943.323; 1.374591316655681e-19
2943.805; 1.3694511300628795e-19
2944.287; 1.3667332701855675e-19
2944.769; 1.36393754148153e-19
2945.251; 1.3615163630004379e-19
2945.733; 1.3596513126663156e-19
2946.215; 1.358355592605775e-19
2946.697; 1.3576424296501785e-19
2947.179; 1.3544363186632087e-19
2947.662; 1.3588749958078805e-19
2948.144; 1.356092463056144e-19
2948.626; 1.3563329189097263e-19
2949.108; 1.35664188652091e-19
2949.59; 1.3570572274318398e-19
2950.072; 1.3574261114890488e-19
2950.554; 1.3576389624371586e-19
2951.036; 1.3544223747774022e-19
2951.519; 1.3611254785375975e-19
2952.0; 1.3495082081680124e-19
2952.483; 1.3555442922241511e-19
2952.965; 1.3511715842415522e-19
2953.447; 1.3501628143990933e-19
2953.929; 1.349606679541293e-19
2954.411; 1.3496233682969464e-19
2954.893; 1.3500557795299385e-19
2955.375; 1.3507127629267293e-19
2955.857; 1.3482124677853617e-19
2956.34; 1.3526989261714337e-19
2956.822; 1.3487887037823639e-19
2957.304; 1.3469402519249474e-19
2957.786; 1.3443031848956494e-19
2958.268; 1.3412816623095025e-19
2958.75; 1.3381953255675166e-19
2959.232; 1.3353910643767004e-19
2959.714; 1.3298909578021622e-19
2960.197; 1.3322800751630443e-19
2960.679; 1.327004746367523e-19
2961.161; 1.3246161607415973e-19
2961.643; 1.3220752457767174e-19
2962.125; 1.31967617118618e-19
2962.607; 1.317689269262747e-19
2963.089; 1.3163643033533536e-19
2963.571; 1.315918046924475e-19
2964.053; 1.3131186069466471e-19
2964.536; 1.3183465517291528e-19
2965.018; 1.31554292563066e-19
2965.5; 1.3150430195918218e-19
2965.982; 1.313576764902011e-19
2966.464; 1.311408123552868e-19
2966.946; 1.3089701052884608e-19
2967.428; 1.3069254271868016e-19
2967.91; 1.302601600690371e-19
2968.393; 1.307055626349295e-19
2968.875; 1.304425726445716e-19
2969.357; 1.305218682468478e-19
2969.839; 1.3058635297282456e-19
2970.321; 1.30611754678087e-19
2970.803; 1.3058119238723418e-19
2971.285; 1.305073538981387e-19
2971.767; 1.3007647780861242e-19
2972.25; 1.3072994368151945e-19
2972.731; 1.2946929212766433e-19
2973.214; 1.3008960504286372e-19
2973.696; 1.2957281070943192e-19
2974.178; 1.293483635955551e-19
2974.66; 1.2909613059014372e-19
2975.142; 1.2884726272021905e-19
2975.624; 1.286278869255509e-19
2976.106; 1.2847101772887143e-19
2976.588; 1.2806443975729175e-19
2977.071; 1.2851382824851477e-19
2977.553; 1.2818856256395572e-19
2978.035; 1.2818201008227645e-19
2978.517; 1.2815950768895112e-19
2978.999; 1.2812731558185646e-19
2979.481; 1.280849757009645e-19
2979.963; 1.2803221871892346e-19
2980.445; 1.2797642557201285e-19
2980.927; 1.275823058130306e-19
2981.41; 1.279621793321712e-19
2981.892; 1.274743689744409e-19
2982.374; 1.2724653738410365e-19
2982.856; 1.2696765723103537e-19
2983.338; 1.2667144750136299e-19
2983.82; 1.2637999539907438e-19
2984.302; 1.2611979821907436e-19
2984.784; 1.2556713229561028e-19
2985.267; 1.2586047901164212e-19
2985.749; 1.253474695258127e-19
2986.231; 1.2517586236050932e-19
2986.713; 1.2503283107302965e-19
2987.195; 1.2494822625405314e-19
2987.677; 1.2493124138228709e-19
2988.159; 1.2498396011754992e-19
2988.641; 1.2474373709170713e-19
2989.124; 1.253117477680068e-19
2989.606; 1.2497622721373282e-19
2990.088; 1.2485520973177926e-19
2990.57; 1.2461614601664693e-19
2991.052; 1.2429964785115826e-19
2991.534; 1.2395408738590588e-19
2992.016; 1.2363242951374155e-19
2992.498; 1.2338868231817103e-19
2992.98; 1.229063247181928e-19
2993.463; 1.233424353873603e-19
2993.945; 1.2298649943283764e-19
2994.427; 1.22972084425308e-19
2994.909; 1.229377575365339e-19
2995.391; 1.2287910814487605e-19
2995.873; 1.2278817065824935e-19
2996.355; 1.226731112276286e-19
2996.837; 1.2219116781540942e-19
2997.32; 1.2251496676849808e-19
2997.802; 1.2193986870830192e-19
2998.284; 1.2165208823761596e-19
2998.766; 1.2133482317642751e-19
2999.248; 1.2103352133403619e-19
2999.73; 1.207843049853428e-19
3000.212; 1.2062704063806502e-19
3000.694; 1.202289514305916e-19
3001.177; 1.2076126582320855e-19
3001.659; 1.2047026332194722e-19
3002.141; 1.2049658364564642e-19
3002.623; 1.2045528709727322e-19
3003.105; 1.203295284277697e-19
3003.587; 1.2010973426672056e-19
3004.069; 1.1980744454667145e-19
3004.551; 1.1946293198507588e-19
3005.033; 1.1876242690246194e-19
3005.516; 1.189352588603396e-19
3005.998; 1.1825613855765996e-19
3006.48; 1.1793335570956098e-19
3006.962; 1.176205644160513e-19
3007.444; 1.173317397958629e-19
3007.926; 1.1707489053970217e-19
3008.408; 1.1687776171730387e-19
3008.89; 1.164009145494981e-19
3009.373; 1.1723515809409847e-19
3009.854; 1.1608079658452218e-19
3010.337; 1.171077121286033e-19
3010.819; 1.1697441949992928e-19
3011.301; 1.172090552952486e-19
3011.783; 1.1739784512601976e-19
3012.265; 1.175050569014501e-19
3012.747; 1.174995008785632e-19
3013.229; 1.1738472753578461e-19
3013.711; 1.1682133534928498e-19
3014.194; 1.1706389746530975e-19
3014.676; 1.1638004712403919e-19
3015.158; 1.1603578787770735e-19
3015.64; 1.1571412593288888e-19
3016.122; 1.154517764727803e-19
3016.604; 1.1525793774850898e-19
3017.086; 1.1513971092646177e-19
3017.568; 1.1472422801324066e-19
3018.051; 1.1522205780000095e-19
3018.533; 1.1482118111910471e-19
3019.015; 1.147383793269106e-19
3019.497; 1.146094520817439e-19
3019.979; 1.1444764854312715e-19
3020.461; 1.1425813468604193e-19
3020.943; 1.1404791733314591e-19
3021.425; 1.138363113894188e-19
3021.907; 1.1326638355789017e-19
3022.39; 1.1358727737508157e-19
3022.872; 1.1299319407548515e-19
3023.354; 1.12744749013964e-19
3023.836; 1.125037784780643e-19
3024.318; 1.1231159958075396e-19
3024.8; 1.1219350781895831e-19
3025.282; 1.1217236151339592e-19
3025.764; 1.1187031086188944e-19
3026.247; 1.1250254136721807e-19
3026.729; 1.121829291207582e-19
3027.211; 1.1210416921263638e-19
3027.693; 1.1185542412281021e-19
3028.175; 1.114359923979887e-19
3028.657; 1.1087404555742388e-19
3029.139; 1.1024653248349422e-19
3029.621; 1.0925798548722552e-19
3030.104; 1.0964562734436617e-19
3030.585; 1.0798270746202668e-19
3031.068; 1.086864510330264e-19
3031.55; 1.0824747026105205e-19
3032.032; 1.0826847473303232e-19
3032.514; 1.0830185204288754e-19
3032.996; 1.0829887298386687e-19
3033.478; 1.0822030158320858e-19
3033.96; 1.0806902660010705e-19
3034.442; 1.074926116159606e-19
3034.925; 1.0780931995631417e-19
3035.407; 1.072060749546708e-19
3035.889; 1.0700670762483889e-19
3036.371; 1.068708887416561e-19
3036.853; 1.0682309616033502e-19
3037.335; 1.068538915364062e-19
3037.817; 1.069376989871501e-19
3038.299; 1.0705367721568057e-19
3038.781; 1.0679382326542175e-19
3039.264; 1.074168080795376e-19
3039.746; 1.0703200593280601e-19
3040.228; 1.0692266008865306e-19
3040.71; 1.0672261970093994e-19
3041.192; 1.0646020897255387e-19
3041.674; 1.061546690390253e-19
3042.156; 1.0583904682186e-19
3042.638; 1.0515591514208332e-19
3043.121; 1.0542619115769449e-19
3043.603; 1.0477957700924498e-19
3044.085; 1.0453961364228886e-19
3044.567; 1.0434941925511308e-19
3045.049; 1.0423615944064845e-19
3045.531; 1.0420293519200683e-19
3046.013; 1.0425249327722559e-19
3046.495; 1.0398343572583004e-19
3046.978; 1.0467544434766594e-19
3047.46; 1.0439734025756482e-19
3047.942; 1.0443787277173195e-19
3048.424; 1.0440908474377443e-19
3048.906; 1.0432618769670131e-19
3049.388; 1.041963685580556e-19
3049.87; 1.0402732400335218e-19
3050.352; 1.038366194868258e-19
3050.834; 1.032369217573682e-19
3051.317; 1.0354582173879583e-19
3051.799; 1.0282502974161918e-19
3052.281; 1.0239744818784383e-19
3052.763; 1.018867727103744e-19
3053.245; 1.013291839824598e-19
3053.727; 1.0075982398832613e-19
3054.209; 1.0023302013764218e-19
3054.691; 9.939930193179675e-20
3055.174; 9.962282384488661e-20
3055.656; 9.897135437355494e-20
3056.138; 9.877786947085594e-20
3056.62; 9.863766610480841e-20
3057.102; 9.854101792030131e-20
3057.584; 9.846507753051507e-20
3058.066; 9.840521922572748e-20
3058.548; 9.796015911147833e-20
3059.031; 9.84669669499266e-20
3059.513; 9.79667770869124e-20
3059.995; 9.779960924789319e-20
3060.477; 9.757144467425898e-20
3060.959; 9.729377419356861e-20
3061.441; 9.696974434657057e-20
3061.923; 9.661259070705341e-20
3062.405; 9.626116635972515e-20
3062.887; 9.555535326611216e-20
3063.37; 9.587986966016648e-20
3063.852; 9.52896357481472e-20
3064.334; 9.514652714295229e-20
3064.816; 9.505059539860817e-20
3065.298; 9.499577464253905e-20
3065.78; 9.495657891584278e-20
3066.262; 9.492088505073774e-20
3066.744; 9.446119452032709e-20
3067.227; 9.5334163077766e-20
3067.708; 9.3797385229011e-20
3068.191; 9.455527155646858e-20
3068.673; 9.387073803468825e-20
3069.155; 9.352517406122985e-20
3069.637; 9.313170057863763e-20
3070.119; 9.274100933955614e-20
3070.601; 9.240327121913831e-20
3071.083; 9.218375244096224e-20
3071.565; 9.172485141674014e-20
3072.048; 9.240481314453826e-20
3072.53; 9.221541042338498e-20
3073.012; 9.247410228355464e-20
3073.494; 9.271827476054947e-20
3073.976; 9.289564117603456e-20
3074.458; 9.295679768756597e-20
3074.94; 9.28927285144716e-20
3075.422; 9.230794611764822e-20
3075.905; 9.261193681221864e-20
3076.387; 9.183381214451511e-20
3076.869; 9.139730104471946e-20
3077.351; 9.093890409925973e-20
3077.833; 9.0503290302291e-20
3078.315; 9.011331402113478e-20
3078.797; 8.978544578341136e-20
3079.279; 8.954350801143767e-20
3079.761; 8.898345131371415e-20
3080.244; 8.948115992063269e-20
3080.726; 8.898731819357839e-20
3081.208; 8.885911345364424e-20
3081.69; 8.866216239241195e-20
3082.172; 8.839092366937232e-20
3082.654; 8.80437408192283e-20
3083.136; 8.765161314783803e-20
3083.618; 8.68399815474673e-20
3084.101; 8.704320187368353e-20
3084.583; 8.626213974689627e-20
3085.065; 8.592003299860519e-20
3085.547; 8.562660060153153e-20
3086.029; 8.54022543582458e-20
3086.511; 8.524662512271858e-20
3086.993; 8.51668130293089e-20
3087.475; 8.473192726038918e-20
3087.958; 8.574518489911927e-20
3088.439; 8.434209397489536e-20
3088.922; 8.534198152450846e-20
3089.404; 8.487532406206234e-20
3089.886; 8.475195826872922e-20
3090.368; 8.455133828195172e-20
3090.85; 8.430351622889742e-20
3091.332; 8.403830100788457e-20
3091.814; 8.380342317127694e-20
3092.296; 8.321622639335966e-20
3092.779; 8.369715978710638e-20
3093.261; 8.318412061349118e-20
3093.743; 8.306041165065905e-20
3094.225; 8.288133098024785e-20
3094.707; 8.262959855830385e-20
3095.189; 8.228895924398622e-20
3095.671; 8.186769361014851e-20
3096.153; 8.141465110474736e-20
3096.635; 8.057016034160247e-20
3097.118; 8.080724856020577e-20
3097.6; 8.010520157853417e-20
3098.082; 7.9900446633858e-20
3098.564; 7.977044468385914e-20
3099.046; 7.969406437705456e-20
3099.528; 7.962386729243084e-20
3100.01; 7.953017359571954e-20
3100.492; 7.897299896591713e-20
3100.975; 7.937431415426756e-20
3101.457; 7.868110693289345e-20
3101.939; 7.834987849898281e-20
3102.421; 7.799784442632257e-20
3102.903; 7.765851179529318e-20
3103.385; 7.73367963490877e-20
3103.867; 7.704301825067503e-20
3104.349; 7.636171905837768e-20
3104.832; 7.672775391670754e-20
3105.314; 7.609515555159146e-20
3105.796; 7.592685076115142e-20
3106.278; 7.584583879625129e-20
3106.76; 7.588456765373202e-20
3107.242; 7.602987837847213e-20
3107.724; 7.623639564219328e-20
3108.206; 7.64507959159379e-20
3108.688; 7.618267446505772e-20
3109.171; 7.680347156758807e-20
3109.653; 7.618958408556061e-20
3110.135; 7.577249847260162e-20
3110.617; 7.516314233216195e-20
3111.099; 7.442420373891198e-20
3111.581; 7.361294891734129e-20
3112.063; 7.28000143117121e-20
3112.545; 7.161729612987914e-20
3113.028; 7.154304819206365e-20
3113.51; 7.051863311831747e-20
3113.992; 7.000336605788464e-20
3114.474; 6.959216412062952e-20
3114.956; 6.929973875030959e-20
3115.438; 6.91157269771388e-20
3115.92; 6.903641969757987e-20
3116.402; 6.862746191939793e-20
3116.885; 6.929603680742464e-20
3117.367; 6.894974072071239e-20
3117.849; 6.900089331288543e-20
3118.331; 6.90172266665854e-20
3118.813; 6.898936886672003e-20
3119.295; 6.888936244067444e-20
3119.777; 6.869432040251429e-20
3120.259; 6.841305524184652e-20
3120.741; 6.764874273999259e-20
3121.224; 6.788022350945699e-20
3121.706; 6.70853282759781e-20
3122.188; 6.676179628314786e-20
3122.67; 6.654126240227456e-20
3123.152; 6.645429212113235e-20
3123.634; 6.648176794383413e-20
3124.116; 6.659153361196097e-20
3124.598; 6.631185478738799e-20
3125.081; 6.702812905951866e-20
3125.563; 6.663352100308494e-20
3126.045; 6.656809296166746e-20
3126.527; 6.644480595850196e-20
3127.009; 6.631363712322034e-20
3127.491; 6.620080416369942e-20
3127.973; 6.612571464179093e-20
3128.455; 6.564096382977639e-20
3128.938; 6.659322303967516e-20
3129.419; 6.499649196374284e-20
3129.902; 6.582210958874021e-20
3130.384; 6.511545131106405e-20
3130.866; 6.477672734361828e-20
3131.348; 6.440997632216364e-20
3131.83; 6.406914300140068e-20
3132.312; 6.37866502196007e-20
3132.794; 6.359245228535565e-20
3133.276; 6.306322494378178e-20
3133.759; 6.361982094056939e-20
3134.241; 6.312870658544862e-20
3134.723; 6.299906009654388e-20
3135.205; 6.278495296497361e-20
3135.687; 6.248818194425328e-20
3136.169; 6.2112353639274e-20
3136.651; 6.167778754753332e-20
3137.133; 6.123268958045393e-20
3137.615; 6.039699546577106e-20
3138.098; 6.064822918391115e-20
3138.58; 5.991328604920192e-20
3139.062; 5.964490632006491e-20
3139.544; 5.941965993625799e-20
3140.026; 5.923321385538828e-20
3140.508; 5.905729279989299e-20
3140.99; 5.887477231355877e-20
3141.472; 5.824055130117211e-20
3141.955; 5.857928851826812e-20
3142.437; 5.779851680060648e-20
3142.919; 5.736077430812526e-20
3143.401; 5.688806030204611e-20
3143.883; 5.64438153646361e-20
3144.365; 5.60749608202649e-20
3144.847; 5.582833686126069e-20
3145.329; 5.52885238531896e-20
3145.812; 5.630484916701283e-20
3146.293; 5.493063413116289e-20
3146.776; 5.607373241555314e-20
3147.258; 5.577984525279255e-20
3147.74; 5.5883357759062e-20
3148.222; 5.593899515170448e-20
3148.704; 5.594995108452978e-20
3149.186; 5.590661009965567e-20
3149.668; 5.581015821097864e-20
3150.15; 5.522734630670078e-20
3150.633; 5.558653953425612e-20
3151.115; 5.479709856438777e-20
3151.597; 5.432362371580028e-20
3152.079; 5.3796312101167954e-20
3152.561; 5.329027591385324e-20
3153.043; 5.2862425754624847e-20
3153.525; 5.256243813488588e-20
3154.007; 5.197866871060733e-20
3154.49; 5.2509405360802765e-20
3154.972; 5.2025106282025566e-20
3155.454; 5.1902318421592364e-20
3155.936; 5.169158897293208e-20
3156.418; 5.1401909502587894e-20
3156.9; 5.1056278725192474e-20
3157.382; 5.069593431503396e-20
3157.864; 5.03782536842967e-20
3158.346; 4.9718062465944774e-20
3158.829; 5.014153532728016e-20
3159.311; 4.9562398472369525e-20
3159.793; 4.937838374091414e-20
3160.275; 4.915874127412991e-20
3160.757; 4.8917339590256996e-20
3161.239; 4.8673051816241674e-20
3161.721; 4.846997931321897e-20
3162.203; 4.7924976291763254e-20
3162.686; 4.846375247531996e-20
3163.168; 4.8016381238967423e-20
3163.65; 4.796816685432633e-20
3164.132; 4.787129702037136e-20
3164.614; 4.771123336856054e-20
3165.096; 4.747958160525941e-20
3165.578; 4.7194120727738625e-20
3166.06; 4.690792847587225e-20
3166.542; 4.625507279196975e-20
3167.025; 4.6679994756797763e-20
3167.507; 4.613391302585955e-20
3167.989; 4.6009273356728824e-20
3168.471; 4.585678150863702e-20
3168.953; 4.5648709227942804e-20
3169.435; 4.535879202072331e-20
3169.917; 4.5003013785022206e-20
3170.399; 4.420505318875605e-20
3170.882; 4.4421733943500265e-20
3171.364; 4.366191482502898e-20
3171.846; 4.3364130633910043e-20
3172.328; 4.312267603392005e-20
3172.81; 4.291858923294612e-20
3173.292; 4.269463951530153e-20
3173.774; 4.2403772510485097e-20
3174.256; 4.160137059419713e-20
3174.739; 4.167857936304273e-20
3175.221; 4.0658456424618367e-20
3175.703; 4.0013656505224916e-20
3176.185; 3.943832004650019e-20
3176.667; 3.9030180252727325e-20
3177.149; 3.883472311710659e-20
3177.631; 3.88477144353042e-20
3178.113; 3.9031310320496295e-20
3178.595; 3.8904089408812256e-20
3179.078; 3.973529436661428e-20
3179.56; 3.945387143226666e-20
3180.042; 3.938603282389665e-20
3180.524; 3.9140055388330594e-20
3181.006; 3.8778959492271093e-20
3181.488; 3.837730905839635e-20
3181.97; 3.8023823842667865e-20
3182.452; 3.737749848363209e-20
3182.935; 3.781772814071274e-20
3183.417; 3.7350128367545196e-20
3183.899; 3.729357389296392e-20
3184.381; 3.72020581685119e-20
3184.863; 3.704442658313533e-20
3185.345; 3.6795485511164046e-20
3185.827; 3.646769091796847e-20
3186.309; 3.567808335280698e-20
3186.792; 3.622077909487788e-20
3187.273; 3.4437317468064463e-20
3187.756; 3.501556325085329e-20
3188.238; 3.4304352463316123e-20
3188.72; 3.4066452054231107e-20
3189.202; 3.39131664529326e-20
3189.684; 3.3863853971030157e-20
3190.166; 3.3917803912964937e-20
3190.648; 3.4076289841795897e-20
3191.13; 3.392679338715138e-20
3191.613; 3.476045584943212e-20
3192.095; 3.4583752817616026e-20
3192.577; 3.468031752894125e-20
3193.059; 3.462140312529249e-20
3193.541; 3.4402547215083244e-20
3194.023; 3.403459464291375e-20
3194.505; 3.3557436821669194e-20
3194.987; 3.304551440148183e-20
3195.469; 3.21808990523124e-20
3195.952; 3.2341943285102616e-20
3196.434; 3.1638019685430667e-20
3196.916; 3.1394595859074006e-20
3197.398; 3.120759631524379e-20
3197.88; 3.1053175768561057e-20
3198.362; 3.0891394748760354e-20
3198.844; 3.0705405617055455e-20
3199.326; 3.0107391466369547e-20
3199.809; 3.041046914774903e-20
3200.291; 2.975492764332163e-20
3200.773; 2.948230476819918e-20
3201.255; 2.9254568247441735e-20
3201.737; 2.911017753040692e-20
3202.219; 2.905406183647966e-20
3202.701; 2.908129904571192e-20
3203.183; 2.8771208472526826e-20
3203.666; 2.976125822731779e-20
3204.147; 2.8460422741772467e-20
3204.63; 2.930733135205051e-20
3205.112; 2.873531622352917e-20
3205.594; 2.8422821356072655e-20
3206.076; 2.799323002547314e-20
3206.558; 2.7484908177848267e-20
3207.04; 2.6935450034092652e-20
3207.522; 2.640168538805727e-20
3208.004; 2.5565170675536812e-20
3208.487; 2.5714600678693375e-20
3208.969; 2.505840410645263e-20
3209.451; 2.4851365166227042e-20
3209.933; 2.4718844787591018e-20
3210.415; 2.4643734379232645e-20
3210.897; 2.458805953392108e-20
3211.379; 2.4528698739275908e-20
3211.861; 2.4087326903306085e-20
3212.344; 2.4488841760273118e-20
3212.826; 2.3962971043900353e-20
3213.308; 2.3765525510068555e-20
3213.79; 2.3567835534263182e-20
3214.272; 2.3399059790593386e-20
3214.754; 2.3258284217122276e-20
3215.236; 2.312845605532077e-20
3215.718; 2.2996014398392666e-20
3216.2; 2.2484657886922957e-20
3216.683; 2.2783537913814777e-20
3217.165; 2.2133735125730758e-20
3217.647; 2.1753059245752707e-20
3218.129; 2.1317115356876116e-20
3218.611; 2.0872519652591178e-20
3219.093; 2.0457815151983982e-20
3219.575; 2.0121605148249786e-20
3220.057; 1.9560764582053773e-20
3220.54; 1.994320151746384e-20
3221.022; 1.9599966488330736e-20
3221.504; 1.9668359344671022e-20
3221.986; 1.978704952405761e-20
3222.468; 1.9930530977003007e-20
3222.95; 2.0059667741550788e-20
3223.432; 2.0143022292544046e-20
3223.914; 2.0175792008913695e-20
3224.396; 1.9820300047631627e-20
3224.879; 2.024731277248015e-20
3225.361; 1.9782556589907474e-20
3225.843; 1.9601641947339073e-20
3226.325; 1.9378477286426494e-20
3226.807; 1.913439979349733e-20
3227.289; 1.8882194972087007e-20
3227.771; 1.865222617086795e-20
3228.253; 1.814126664461474e-20
3228.736; 1.8505107052462608e-20
3229.218; 1.811733153868969e-20
3229.7; 1.8113596211450285e-20
3230.182; 1.815344934581165e-20
3230.664; 1.8221770388574285e-20
3231.146; 1.828541829842742e-20
3231.628; 1.8325033004627922e-20
3232.11; 1.799149118179368e-20
3232.593; 1.8411055439508894e-20
3233.075; 1.7938707752439842e-20
3233.557; 1.7720109138183576e-20
3234.039; 1.7438887118531725e-20
3234.521; 1.7118360084816143e-20
3235.003; 1.6770081509778193e-20
3235.485; 1.6409571757479055e-20
3235.967; 1.607052572234194e-20
3236.449; 1.5467794103314882e-20
3236.932; 1.5706466927696133e-20
3237.414; 1.524193033607383e-20
3237.896; 1.5161041016370693e-20
3238.378; 1.5149907817399967e-20
3238.86; 1.5206366168487213e-20
3239.342; 1.531031635179135e-20
3239.824; 1.5448814441376697e-20
3240.306; 1.5285160559596636e-20
3240.789; 1.5871533054789023e-20
3241.271; 1.5612255847014312e-20
3241.753; 1.556736117844655e-20
3242.235; 1.540845591505044e-20
3242.717; 1.5145710447071702e-20
3243.199; 1.4795488096643173e-20
3243.681; 1.43993789613278e-20
3244.163; 1.3683389947817076e-20
3244.646; 1.4041328866268272e-20
3245.127; 1.2650355830629201e-20
3245.61; 1.3075450476093738e-20
3246.092; 1.2509163103949705e-20
3246.574; 1.226240331818365e-20
3247.056; 1.202640071316215e-20
3247.538; 1.1820223872664733e-20
3248.02; 1.1665880516075198e-20
3248.502; 1.1597572060405595e-20
3248.984; 1.1347675478638261e-20
3249.467; 1.1877965777460006e-20
3249.949; 1.1736944137850809e-20
3250.431; 1.1846469130379915e-20
3250.913; 1.1865388036955621e-20
3251.395; 1.1762710127689016e-20
3251.877; 1.1528952279694942e-20
3252.359; 1.1190018697422167e-20
3252.841; 1.0806665052605833e-20
3253.323; 1.0162403800539132e-20
3253.806; 1.0236513601704719e-20
3254.288; 9.689895982752439e-21
3254.77; 9.451885471962115e-21
3255.252; 9.23756242012779e-21
3255.734; 9.039179969972387e-21
3256.216; 8.846923271008811e-21
3256.698; 8.66969417435654e-21
3257.18; 8.263786570156275e-21
3257.663; 8.502350908860304e-21
3258.145; 8.133421055751624e-21
3258.627; 8.021688250428729e-21
3259.109; 7.914732998007631e-21
3259.591; 7.820628298883322e-21
3260.073; 7.74271174458488e-21
3260.555; 7.695013320723139e-21
3261.037; 7.43367348734782e-21
3261.52; 8.043455411384745e-21
3262.001; 7.219128980340026e-21
3262.484; 7.822542986363785e-21
3262.966; 7.54355615785712e-21
3263.448; 7.440875162467999e-21
3263.93; 7.250997873635245e-21
3264.412; 6.987706166537165e-21
3264.894; 6.674594833380071e-21
3265.376; 6.3533811240874635e-21
3265.858; 5.83911761897874e-21
3266.341; 5.911840621742408e-21
3266.823; 5.495813774395949e-21
3267.305; 5.343517953726738e-21
3267.787; 5.2364563393173835e-21
3268.269; 5.176257603684068e-21
3268.751; 5.156779976653725e-21
3269.233; 5.179212650264663e-21
3269.715; 5.0315744585847474e-21
3270.198; 5.413286718380789e-21
3270.68; 5.2722348943665064e-21
3271.162; 5.305961234041187e-21
3271.644; 5.287443308573421e-21
3272.126; 5.21149128147666e-21
3272.608; 5.077791653376641e-21
3273.09; 4.9019358361400805e-21
3273.572; 4.720463841575576e-21
3274.054; 4.373394602206486e-21
3274.537; 4.562762292629961e-21
3275.019; 4.328060104822596e-21
3275.501; 4.337667477055695e-21
3275.983; 4.374301537395799e-21
3276.465; 4.407036954654954e-21
3276.947; 4.3943030861841025e-21
3277.429; 4.311701273174409e-21
3277.911; 3.963204010809613e-21
3278.394; 4.015660709372208e-21
3278.876; 3.575038736872474e-21
3279.358; 3.32725968521573e-21
3279.84; 3.123174079868363e-21
3280.322; 2.9832793646345868e-21
3280.804; 2.8980609916161752e-21
3281.286; 2.839018724075298e-21
3281.768; 2.7742019363361986e-21
3282.25; 2.5159718443081273e-21
3282.733; 2.5791775661835727e-21
3283.215; 2.209055080400657e-21
3283.697; 1.9632443095310123e-21
3284.179; 1.733620967684969e-21
3284.661; 1.5613903020748291e-21
3285.143; 1.4668929327342844e-21
3285.625; 1.4572659742194945e-21
3286.107; 1.4027755827614814e-21
3286.59; 1.6890741303468328e-21
3287.072; 1.6740877116532461e-21
3287.554; 1.7463340778036556e-21
3288.036; 1.7566319057340454e-21
3288.518; 1.704890486480825e-21
3289.0; 1.6075558166482456e-21
3289.482; 1.4973401226920296e-21
3289.964; 1.2879414781036769e-21
3290.447; 1.3924134877169131e-21
3290.929; 1.244710970399273e-21
3291.411; 1.2323887421771549e-21
3291.893; 1.228987700972943e-21
3292.375; 1.2230229169883009e-21
3292.857; 1.2015988546964441e-21
3293.339; 1.1583499654520284e-21
3293.821; 1.0980056370498683e-21
3294.303; 9.270347897490454e-22
3294.786; 9.923757711425166e-22
3295.268; 8.075251054622064e-22
3295.75; 7.1206563834319e-22
3296.232; 6.122723758489189e-22
3296.714; 5.152486488767521e-22
3297.196; 4.260795093044504e-22
3297.678; 3.5188655920264404e-22
3298.16; 2.422216558861297e-22
3298.643; 2.811745430160421e-22
3299.125; 2.0349737345031356e-22
3299.607; 1.8627760349878216e-22
3300.089; 1.7518080545517644e-22
3300.571; 1.696469294420429e-22
3301.053; 1.6847185545571272e-22
3301.535; 1.7268304230215776e-22
3302.017; 1.3947023180098124e-22
3302.5; 2.6534113209431777e-22
3302.981; 1.2200737850706542e-22
3303.464; 2.3954365444852287e-22
3303.946; 1.9600310689585394e-22
3304.428; 1.930579563873907e-22
3304.91; 1.820094361601662e-22
3305.392; 1.673621299673612e-22
3305.874; 1.5275821535355234e-22
3306.356; 1.4196423378722715e-22
3306.838; 9.935461224685776e-23
3307.321; 1.4753977695359074e-22
3307.803; 1.0040590566687134e-22
3308.285; 8.377938531639356e-23
3308.767; 6.114557667805735e-23
3309.249; 3.722464589561304e-23
3309.731; 1.6837914283116355e-23
3310.213; 3.897913595542066e-24
3310.695; 6.771161872319662e-27
3311.177; 1.3427999644766795e-23
3311.66; 7.998946045025432e-24
3312.142; 3.6761241907281943e-23
3312.624; 5.49396493968339e-23
3313.106; 7.210436846406525e-23
3313.588; 8.419188515579224e-23
3314.07; 8.987406417158434e-23
3314.552; 8.989134573855674e-23
3315.034; 1.2426406174058472e-22
3315.517; 7.724394692099136e-23
3315.999; 1.2695036883569193e-22
3316.481; 1.5981851642726268e-22
3316.963; 2.0892586483496617e-22
3317.445; 2.660205787271506e-22
3317.927; 3.1887394376019454e-22
3318.409; 3.538751735528707e-22
3318.891; 4.4042208293261145e-22
3319.374; 2.77972640949585e-22
3319.855; 5.220317249380402e-22
3320.338; 3.5094528932390764e-22
3320.82; 4.476665639456814e-22
3321.302; 4.896148528130108e-22
3321.784; 5.421232681057814e-22
3322.266; 5.951309474767542e-22
3322.748; 6.460228278407983e-22
3323.23; 6.979877715214402e-22
3323.712; 8.679567066724556e-22
3324.195; 8.167196373712925e-22
3324.677; 1.0821792433126774e-21
3325.159; 1.2983794390921103e-21
3325.641; 1.5514673972313257e-21
3326.123; 1.7962301364940004e-21
3326.605; 1.9856695115199278e-21
3327.087; 2.082434853736163e-21
3327.569; 2.257291364362157e-21
3328.052; 1.9459656495174074e-21
3328.534; 2.0364531030207945e-21
3329.016; 1.9857872774576216e-21
3329.498; 1.9822591872189487e-21
3329.98; 2.0298879650124618e-21
3330.462; 2.130881127096003e-21
3330.944; 2.2844199853918736e-21
3331.426; 2.482816664823875e-21
3331.908; 2.92481958993733e-21
3332.391; 2.910586704950485e-21
3332.873; 3.4539719408393995e-21
3333.355; 3.820485181220615e-21
3333.837; 4.189287948353555e-21
3334.319; 4.5205363037025114e-21
3334.801; 4.790248692051525e-21
3335.283; 4.9805412104102074e-21
3335.765; 5.380177026394397e-21
3336.248; 5.03951705313905e-21
3336.73; 5.387125894625182e-21
3337.212; 5.477350833017107e-21
3337.694; 5.6060524500442345e-21
3338.176; 5.775899788161827e-21
3338.658; 5.996377629555461e-21
3339.14; 6.269722201243101e-21
3339.622; 6.573569312413814e-21
3340.104; 7.212590516218361e-21
3340.587; 6.99667251885738e-21
3341.069; 7.560360826707392e-21
3341.551; 7.717387252930322e-21
3342.033; 7.804931183153602e-21
3342.515; 7.842669025607882e-21
3342.997; 7.882233189102748e-21
3343.479; 7.963069925486754e-21
3343.961; 8.484677505340715e-21
3344.444; 8.185371664417275e-21
3344.926; 8.888523604829413e-21
3345.408; 9.290044417805596e-21
3345.89; 9.734926571768683e-21
3346.372; 1.0207897409160716e-20
3346.854; 1.0727847380859802e-20
3347.336; 1.1299331398794403e-20
3347.818; 1.2368790821154147e-20
3348.301; 1.2289702671897147e-20
3348.783; 1.3254732149528059e-20
3349.265; 1.3514038882776731e-20
3349.747; 1.3423905834831021e-20
3350.229; 1.2952988076314851e-20
3350.711; 1.2204490138058412e-20
3351.193; 1.1363685071809854e-20
3351.675; 1.0616874481667936e-20
3352.157; 1.0545201232443634e-20
3352.64; 9.799498164037367e-21
3353.122; 1.0489374931635883e-20
3353.604; 1.114635192387861e-20
3354.086; 1.2081729328181212e-20
3354.568; 1.3135288933010171e-20
3355.05; 1.4145203059610746e-20
3355.532; 1.495313535772175e-20
3356.014; 1.6010663985709166e-20
3356.497; 1.5448941896680267e-20
3356.979; 1.6017218638291077e-20
3357.461; 1.596124330433733e-20
3357.943; 1.594197169319553e-20
3358.425; 1.6060178395403238e-20
3358.907; 1.640898395140748e-20
3359.389; 1.701868001752131e-20
3359.871; 1.8492674748971586e-20
3360.354; 1.8099975231130414e-20
3360.835; 2.1466454781472747e-20
3361.318; 2.106499029684852e-20
3361.8; 2.2850284318548618e-20
3362.282; 2.387732346032551e-20
3362.764; 2.4840838979018767e-20
3363.246; 2.5749671751494766e-20
3363.728; 2.660637523731522e-20
3364.21; 2.7333756684036054e-20
3364.692; 2.8600187316458073e-20
3365.175; 2.765909873367615e-20
3365.657; 2.829488565856254e-20
3366.139; 2.790584122942475e-20
3366.621; 2.738703892220372e-20
3367.103; 2.6899900237174976e-20
3367.585; 2.6631936673213042e-20
3368.067; 2.6712900915970892e-20
3368.549; 2.715417612432373e-20
3369.031; 2.867436288763863e-20
3369.514; 2.8462614762350125e-20
3369.996; 3.02788023736568e-20
3370.478; 3.127936015930463e-20
3370.96; 3.2169950336626697e-20
3371.442; 3.2905659304273755e-20
3371.924; 3.351811314734049e-20
3372.406; 3.402629384049466e-20
3372.888; 3.5348967358204726e-20
3373.371; 3.445501411110232e-20
3373.853; 3.575252658616389e-20
3374.335; 3.6168976291457157e-20
3374.817; 3.656122816441171e-20
3375.299; 3.689055740999236e-20
3375.781; 3.7175230841025465e-20
3376.263; 3.742913209932958e-20
3376.745; 3.868318916125248e-20
3377.228; 3.680422400131666e-20
3377.709; 4.073635870445521e-20
3378.192; 3.9198748039995147e-20
3378.674; 4.127047947784488e-20
3379.156; 4.259419171058595e-20
3379.638; 4.4113283102406377e-20
3380.12; 4.5722720829430715e-20
3380.602; 4.7346500605164973e-20
3381.084; 4.888107660473342e-20
3381.566; 5.1401124816206467e-20
3382.049; 5.0974324103763586e-20
3382.531; 5.3227721103396807e-20
3383.013; 5.4181245536515845e-20
3383.495; 5.489405876076869e-20
3383.977; 5.525169649538533e-20
3384.459; 5.521683358515959e-20
3384.941; 5.477686668565813e-20
3385.423; 5.521286972343601e-20
3385.906; 5.262684208374742e-20
3386.388; 5.306096455251965e-20
3386.87; 5.264552471475394e-20
3387.352; 5.262411614497793e-20
3387.834; 5.2969224764727384e-20
3388.316; 5.363434649220256e-20
3388.798; 5.453723608407424e-20
3389.28; 5.555074250165335e-20
3389.762; 5.78526759387265e-20
3390.245; 5.719975775809429e-20
3390.727; 5.9835459841212e-20
3391.209; 6.1576952497138e-20
3391.691; 6.373455791683983e-20
3392.173; 6.628129366665344e-20
3392.655; 6.914732488432671e-20
3393.137; 7.211351196654203e-20
3393.619; 7.639981474947438e-20
3394.102; 7.662397127869093e-20
3394.584; 7.999529841881268e-20
3395.066; 8.123836047275069e-20
3395.548; 8.188627070092475e-20
3396.03; 8.206187664924031e-20
3396.512; 8.202474265065199e-20
3396.994; 8.20246971808842e-20
3397.476; 8.216507954794627e-20
3397.958; 8.404558951126744e-20
3398.441; 8.21668157930847e-20
3398.923; 8.425233278589487e-20
3399.405; 8.476773952882322e-20
3399.887; 8.524163946463914e-20
3400.369; 8.569161607424533e-20
3400.851; 8.627111105245254e-20
3401.333; 8.708806573701065e-20
3401.815; 8.989515995333605e-20
3402.298; 8.89700138364481e-20
3402.78; 9.251686612251063e-20
3403.262; 9.46367462423655e-20
3403.744; 9.685570342474824e-20
3404.226; 9.906571734199464e-20
3404.708; 1.0132316083694166e-19
3405.19; 1.0368314425474698e-19
3405.672; 1.0812252929653108e-19
3406.155; 1.0815548607883241e-19
3406.637; 1.131387965608685e-19
3407.119; 1.1631018922278307e-19
3407.601; 1.1934525011979096e-19
3408.083; 1.2202300887775075e-19
3408.565; 1.2432335164367194e-19
3409.047; 1.263313011952124e-19
3409.529; 1.2807707021958147e-19
3410.011; 1.3173801161993187e-19
3410.494; 1.298604407990627e-19
3410.976; 1.330278099575583e-19
3411.458; 1.3369141883116509e-19
3411.94; 1.339512537198682e-19
3412.422; 1.3387110722689217e-19
3412.904; 1.3376384748077866e-19
3413.386; 1.339488475166616e-19
3413.868; 1.3697767689242573e-19
3414.351; 1.3538542692065848e-19
3414.833; 1.4020640245350798e-19
3415.315; 1.4348668284415656e-19
3415.797; 1.4699683203319958e-19
3416.279; 1.5019195260260694e-19
3416.761; 1.5272296638497711e-19
3417.243; 1.5436689824230389e-19
3417.725; 1.5770645228797e-19
3418.208; 1.5211953515383413e-19
3418.689; 1.6084329211658649e-19
3419.172; 1.552418718547419e-19
3419.654; 1.5871024909434813e-19
3420.136; 1.605509030902914e-19
3420.618; 1.634354182794951e-19
3421.1; 1.6732203965234058e-19
3421.582; 1.7211382223583816e-19
3422.064; 1.774895398944607e-19
3422.546; 1.8584953241948814e-19
3423.029; 1.873251204391216e-19
3423.511; 1.9535164085265578e-19
3423.993; 1.9997480890074555e-19
3424.475; 2.0366465378062382e-19
3424.957; 2.060726979174953e-19
3425.439; 2.0704955527014562e-19
3425.921; 2.0657058709905122e-19
3426.403; 2.046683629949781e-19
3426.885; 2.0458135193020054e-19
3427.368; 1.9682590350181798e-19
3427.85; 1.9648426562106427e-19
3428.332; 1.9425346030257384e-19
3428.814; 1.9341582025885927e-19
3429.296; 1.940408231535864e-19
3429.778; 1.960029748064605e-19
3430.26; 1.9883717484305657e-19
3430.742; 2.050028827822946e-19
3431.225; 2.0393112902923411e-19
3431.707; 2.1016500514247197e-19
3432.189; 2.1351965800387513e-19
3432.671; 2.171406857374908e-19
3433.153; 2.211645060527841e-19
3433.635; 2.2574582544547863e-19
3434.117; 2.3075272532650613e-19
3434.599; 2.393561321332794e-19
3435.082; 2.364154128827747e-19
3435.563; 2.5295363784904513e-19
3436.046; 2.486922146089788e-19
3436.528; 2.5563386911364115e-19
3437.01; 2.585872453341127e-19
3437.492; 2.6132075708253143e-19
3437.974; 2.639762656912958e-19
3438.456; 2.6672814776554243e-19
3438.938; 2.6948563358883874e-19
3439.42; 2.757371455790952e-19
3439.903; 2.72743050506058e-19
3440.385; 2.7834488976520244e-19
3440.867; 2.7978323019137486e-19
3441.349; 2.805911439688268e-19
3441.831; 2.808004895686133e-19
3442.313; 2.808196865382438e-19
3442.795; 2.8107536706977914e-19
3443.277; 2.8579627193769783e-19
3443.76; 2.824042704456164e-19
3444.242; 2.893967567715393e-19
3444.724; 2.933136717078498e-19
3445.206; 2.9696554245147257e-19
3445.688; 2.993266537601446e-19
3446.17; 2.9990790290092043e-19
3446.652; 2.988698051009394e-19
3447.134; 2.9688202328527973e-19
3447.616; 2.9898847862053806e-19
3448.099; 2.9312440406229003e-19
3448.581; 2.993293485825083e-19
3449.063; 3.045242586580304e-19
3449.545; 3.11976454191226e-19
3450.027; 3.2047779194749897e-19
3450.509; 3.2881849535981582e-19
3450.991; 3.3594374825165837e-19
3451.473; 3.458404030654991e-19
3451.956; 3.440379930676645e-19
3452.438; 3.5285334470300914e-19
3452.92; 3.581814078321945e-19
3453.402; 3.6476929010448136e-19
3453.884; 3.7236812926809683e-19
3454.366; 3.803567522671704e-19
3454.848; 3.8760820700282603e-19
3455.33; 3.97817211180573e-19
3455.813; 3.9389861103090663e-19
3456.295; 3.9920246228136404e-19
3456.777; 3.9757950846873777e-19
3457.259; 3.9441910498680867e-19
3457.741; 3.9059287578702143e-19
3458.223; 3.873615903163233e-19
3458.705; 3.8598750971585227e-19
3459.187; 3.8732645466323135e-19
3459.669; 3.9669031553681735e-19
3460.152; 3.9759679153846773e-19
3460.634; 4.13232008663374e-19
3461.116; 4.257164832067999e-19
3461.598; 4.382463097113083e-19
3462.08; 4.492363873530664e-19
3462.562; 4.57924417338344e-19
3463.044; 4.642342663519671e-19
3463.526; 4.744197226977772e-19
3464.009; 4.710457788874464e-19
3464.491; 4.823056923481074e-19
3464.973; 4.900477034699016e-19
3465.455; 4.995526994306871e-19
3465.937; 5.099306834019353e-19
3466.419; 5.202668899636376e-19
3466.901; 5.298008445809141e-19
3467.383; 5.379877819678399e-19
3467.865; 5.509969375674813e-19
3468.348; 5.486336365611515e-19
3468.83; 5.616636237531109e-19
3469.312; 5.696794718383678e-19
3469.794; 5.787191255983211e-19
3470.276; 5.881604013331187e-19
3470.758; 5.972730198323822e-19
3471.24; 6.049521093852377e-19
3471.722; 6.167913171530595e-19
3472.205; 6.099204782149037e-19
3472.687; 6.163796748089178e-19
3473.169; 6.141005751292948e-19
3473.651; 6.102117051039562e-19
3474.133; 6.056208095249773e-19
3474.615; 6.017157208607834e-19
3475.097; 5.996281310975016e-19
3475.579; 6.068833403372162e-19
3476.062; 5.950188147577256e-19
3476.543; 6.239201845413166e-19
3477.026; 6.151426615065038e-19
3477.508; 6.282067822074406e-19
3477.99; 6.319447609158295e-19
3478.472; 6.31883293213325e-19
3478.954; 6.274901368318111e-19
3479.436; 6.193128039022994e-19
3479.918; 6.082203268952922e-19
3480.4; 6.018131291140024e-19
3480.883; 5.791857054116156e-19
3481.365; 5.72805177638212e-19
3481.847; 5.614413822994231e-19
3482.329; 5.517115610631409e-19
3482.811; 5.437536174555389e-19
3483.293; 5.378840718732546e-19
3483.775; 5.340295339281124e-19
3484.257; 5.381053667135691e-19
3484.74; 5.281928742847086e-19
3485.222; 5.340321513984322e-19
3485.704; 5.331156872998706e-19
3486.186; 5.305793207133779e-19
3486.668; 5.257927482214484e-19
3487.15; 5.190980096678993e-19
3487.632; 5.11394060674278e-19
3488.114; 5.034880693820363e-19
3488.596; 5.0232573419392305e-19
3489.079; 4.864567261829754e-19
3489.561; 4.865158221643208e-19
3490.043; 4.799717208853243e-19
3490.525; 4.719276992538263e-19
3491.007; 4.614798474680874e-19
3491.489; 4.486022477293638e-19
3491.971; 4.336836224400319e-19
3492.453; 4.2373115974707674e-19
3492.936; 3.9328237755953268e-19
3493.417; 3.976043793707955e-19
3493.9; 3.6844161422150938e-19
3494.382; 3.5946535193477236e-19
3494.864; 3.4550910469273783e-19
3495.346; 3.324740341052329e-19
3495.828; 3.205994650848278e-19
3496.31; 3.1039790566811533e-19
3496.792; 3.0210713155673543e-19
3497.274; 3.009307524069803e-19
3497.757; 2.8933080473272343e-19
3498.239; 2.9212976843928175e-19
3498.721; 2.9173527549629423e-19
3499.203; 2.929284485487005e-19
3499.685; 2.9561079792244554e-19
3500.167; 3.0008995722000625e-19
3500.649; 3.065495657586946e-19
3501.131; 3.206523965890944e-19
3501.614; 3.2330677747470773e-19
3502.096; 3.416245610875864e-19
3502.578; 3.555886456634662e-19
3503.06; 3.698508501543713e-19
3503.542; 3.8348736457514355e-19
3504.024; 3.9618369668352787e-19
3504.506; 4.080049931735451e-19
3504.988; 4.1896883357763197e-19
3505.47; 4.361704163087883e-19
3505.953; 4.359424875633928e-19
3506.435; 4.527786439795214e-19
3506.917; 4.626080677853012e-19
3507.399; 4.722407565750109e-19
3507.881; 4.814449633466379e-19
3508.363; 4.903728116210013e-19
3508.845; 4.989514126917123e-19
3509.327; 5.149058274795614e-19
3509.81; 5.11783745448765e-19
3510.292; 5.278169568984179e-19
3510.774; 5.3639938832571325e-19
3511.256; 5.452866182679769e-19
3511.738; 5.54526766618035e-19
3512.22; 5.645543419239693e-19
3512.702; 5.753360471370567e-19
3513.184; 5.950998266464879e-19
3513.667; 5.935872466549691e-19
3514.149; 6.11996236999063e-19
3514.631; 6.191703960991796e-19
3515.113; 6.2246740521265e-19
3515.595; 6.21415521591273e-19
3516.077; 6.171342775653669e-19
3516.559; 6.117812159115409e-19
3517.041; 6.076694865281391e-19
3517.523; 6.159215105033607e-19
3518.006; 6.082190899208731e-19
3518.488; 6.287818614476492e-19
3518.97; 6.469209511459251e-19
3519.452; 6.69538666674046e-19
3519.934; 6.936968526167797e-19
3520.416; 7.164737351055589e-19
3520.898; 7.349230114563907e-19
3521.38; 7.574175656010748e-19
3521.863; 7.486272332751418e-19
3522.345; 7.600996598480884e-19
3522.827; 7.589377356167052e-19
3523.309; 7.57902115727609e-19
3523.791; 7.593341120287899e-19
3524.273; 7.653529207355725e-19
3524.755; 7.76926299598653e-19
3525.237; 7.931702025148236e-19
3525.719; 8.229219421910832e-19
3526.202; 8.261518036666309e-19
3526.684; 8.541388996711615e-19
3527.166; 8.671747509113778e-19
3527.648; 8.752377454411679e-19
3528.13; 8.784440029750138e-19
3528.612; 8.78317228024279e-19
3529.094; 8.763531766409262e-19
3529.576; 8.854800508811765e-19
3530.059; 8.677902850510187e-19
3530.541; 8.80259221087418e-19
3531.023; 8.840598492720751e-19
3531.505; 8.902584085580093e-19
3531.987; 8.982197814535201e-19
3532.469; 9.07584845730483e-19
3532.951; 9.173496689390283e-19
3533.433; 9.388257653907155e-19
3533.916; 9.175504227190807e-19
3534.397; 9.651128967051698e-19
3534.88; 9.386554964243505e-19
3535.362; 9.529017690160702e-19
3535.844; 9.562939056693666e-19
3536.326; 9.645991254524091e-19
3536.808; 9.809741061221918e-19
3537.29; 1.0082011601212789e-18
3537.772; 1.0469470588947354e-18
3538.254; 1.1095011804077962e-18
3538.737; 1.1451278368983172e-18
3539.219; 1.216672424014083e-18
3539.701; 1.2692324947008002e-18
3540.183; 1.3104390256280667e-18
3540.665; 1.3356396127241292e-18
3541.147; 1.3438592805278854e-18
3541.629; 1.336735500756469e-18
3542.111; 1.3337996198068518e-18
3542.594; 1.2884477484950514e-18
3543.076; 1.2808535939168319e-18
3543.558; 1.2631757122862773e-18
3544.04; 1.251943066676546e-18
3544.522; 1.2464858897559922e-18
3545.004; 1.2453130397786407e-18
3545.486; 1.2463797912701818e-18
3545.968; 1.2474717456082197e-18
3546.45; 1.262470494529147e-18
3546.933; 1.242090981441133e-18
3547.415; 1.2606337775496574e-18
3547.897; 1.270084947853194e-18
3548.379; 1.2860758858062374e-18
3548.861; 1.3080102230901544e-18
3549.343; 1.3344364734433126e-18
3549.825; 1.3624766433992274e-18
3550.307; 1.4057617550200863e-18
3550.79; 1.3920058145237887e-18
3551.271; 1.4692081064974683e-18
3551.754; 1.4481051032672097e-18
3552.236; 1.4803026096480956e-18
3552.718; 1.4942114605391904e-18
3553.2; 1.5064616208778744e-18
3553.682; 1.5163327250533697e-18
3554.164; 1.5238126650979546e-18
3554.646; 1.528943525205873e-18
3555.128; 1.5495357152882653e-18
3555.611; 1.530592211524032e-18
3556.093; 1.5560839386662904e-18
3556.575; 1.56988243695791e-18
3557.057; 1.5876079195994297e-18
3557.539; 1.6066809429819372e-18
3558.021; 1.6245569837205506e-18
3558.503; 1.6384775233641751e-18
3558.985; 1.6645116814362784e-18
3559.468; 1.6439139673939557e-18
3559.95; 1.663824408019423e-18
3560.432; 1.6669764514131378e-18
3560.914; 1.6719613544781218e-18
3561.396; 1.6792100422533178e-18
3561.878; 1.6893949278589776e-18
3562.36; 1.7030202538336578e-18
3562.842; 1.719895709746686e-18
3563.324; 1.7578647069463133e-18
3563.807; 1.7556432451124283e-18
3564.289; 1.8000283475768236e-18
3564.771; 1.8268354111213885e-18
3565.253; 1.8493394578930953e-18
3565.735; 1.862422385230328e-18
3566.217; 1.862944832564886e-18
3566.699; 1.8496696519176095e-18
3567.181; 1.8423219521736165e-18
3567.664; 1.784283129661597e-18
3568.146; 1.767787411762231e-18
3568.628; 1.7355636167881637e-18
3569.11; 1.7057211736612659e-18
3569.592; 1.6761296716893922e-18
3570.074; 1.6439083801093033e-18
3570.556; 1.6055804658381547e-18
3571.038; 1.5763953488606616e-18
3571.521; 1.4980647101659825e-18
3572.003; 1.4568986058819105e-18
3572.485; 1.3974682327765849e-18
3572.967; 1.338862611784496e-18
3573.449; 1.2822130230518642e-18
3573.931; 1.2284898496325777e-18
3574.413; 1.178185366772304e-18
3574.895; 1.1311667273543682e-18
3575.377; 1.1032997621977853e-18
3575.86; 1.042711867878346e-18
3576.342; 1.025406540639911e-18
3576.824; 9.98851223939559e-19
3577.306; 9.757780461562427e-19
3577.788; 9.523544444046752e-19
3578.27; 9.247956545802464e-19
3578.752; 8.894433616343205e-19
3579.234; 8.582368896099072e-19
3579.717; 7.856452243161353e-19
3580.199; 7.404479488868805e-19
3580.681; 6.816660327366844e-19
3581.163; 6.259578415345184e-19
3581.645; 5.759147758852559e-19
3582.127; 5.332173328228791e-19
3582.609; 4.981624496970993e-19
3583.091; 4.697135816878842e-19
3583.573; 4.56583406968492e-19
3584.056; 4.246555293494154e-19
3584.538; 4.2182456622145396e-19
3585.02; 4.1596723456682385e-19
3585.502; 4.171782924956187e-19
3585.984; 4.255667696360728e-19
3586.466; 4.407824462068175e-19
3586.948; 4.609968114887301e-19
3587.43; 4.942276778200389e-19
3587.913; 5.000604530475907e-19
3588.395; 5.29352371227861e-19
3588.877; 5.424177946109712e-19
3589.359; 5.498740585591855e-19
3589.841; 5.527545851972093e-19
3590.323; 5.534914342882959e-19
3590.805; 5.540636446013815e-19
3591.287; 5.682527902914232e-19
3591.77; 5.425482570692863e-19
3592.251; 5.887956252460272e-19
3592.734; 5.620077867636687e-19
3593.216; 5.752191085454106e-19
3593.698; 5.738370309179074e-19
3594.18; 5.7122512225289595e-19
3594.662; 5.688297414298952e-19
3595.144; 5.689051499136588e-19
3595.626; 5.732808893229135e-19
3596.108; 5.968056202047648e-19
3596.591; 5.97372352318135e-19
3597.073; 6.414695241199546e-19
3597.555; 6.865357451620737e-19
3598.037; 7.466871612444573e-19
3598.519; 8.205589388329875e-19
3599.001; 9.03869563635169e-19
3599.483; 9.876941080238662e-19
3599.965; 1.080810891626647e-18
3600.448; 1.1044943162387648e-18
3600.93; 1.154360476716611e-18
3601.412; 1.1633513999504372e-18
3601.894; 1.1614391199896266e-18
3602.376; 1.1607245568271806e-18
3602.858; 1.1729699353891815e-18
3603.34; 1.2052671867553338e-18
3603.822; 1.2571907276052113e-18
3604.304; 1.346108143391984e-18
3604.787; 1.3787853551237054e-18
3605.269; 1.465769632408909e-18
3605.751; 1.5187433058950845e-18
3606.233; 1.566139731735163e-18
3606.715; 1.6183680508550318e-18
3607.197; 1.6901655637180436e-18
3607.679; 1.7940290251728796e-18
3608.161; 1.970115053164081e-18
3608.644; 2.0755708695432543e-18
3609.125; 2.4102962410785075e-18
3609.608; 2.5564031521520426e-18
3610.09; 2.8304163213662506e-18
3610.572; 3.0621680995831383e-18
3611.054; 3.286797718101208e-18
3611.536; 3.503497900142774e-18
3612.018; 3.712695492608805e-18
3612.5; 3.9125897444382505e-18
3612.982; 4.1424892283871745e-18
3613.465; 4.2731376659370025e-18
3613.947; 4.502522443751795e-18
3614.429; 4.707600318664884e-18
3614.911; 4.925696258701572e-18
3615.393; 5.141174642033178e-18
3615.875; 5.32364865587607e-18
3616.357; 5.434693526596759e-18
3616.839; 5.438512857784398e-18
3617.322; 5.343862978264844e-18
3617.804; 5.095083667355331e-18
3618.286; 4.745997089584057e-18
3618.768; 4.2948221114038766e-18
3619.25; 3.77881212371083e-18
3619.732; 3.256529017039027e-18
3620.214; 2.7902636938155746e-18
3620.696; 2.422127890420913e-18
3621.178; 2.119411229984088e-18
3621.661; 2.0007827631232382e-18
3622.143; 1.8349622432286624e-18
3622.625; 1.7189952389556165e-18
3623.107; 1.5819063754878213e-18
3623.589; 1.4066007056926301e-18
3624.071; 1.1941094983461872e-18
3624.553; 9.637296448351514e-19
3625.035; 7.193327334845182e-19
3625.518; 5.533250556637314e-19
3626.0; 3.789536740538122e-19
3626.482; 2.5915298475110667e-19
3626.964; 1.717553438115388e-19
3627.446; 1.105566715523775e-19
3627.928; 6.91971458211119e-20
3628.41; 4.239362099417162e-20
3628.892; 2.3182588161180528e-20
3629.375; 1.6172839711745503e-20
3629.857; 7.901815165181919e-21
3630.339; 3.614945777998111e-21
3630.821; 8.841366152785549e-22
3631.303; 1.5151542347102027e-23
3631.785; 1.6229859010890994e-21
3632.267; 5.923332211244092e-21
3632.749; 1.2205256175702093e-20
3633.231; 2.0762659334702808e-20
3633.714; 2.4707664445991246e-20
3634.196; 3.209078261768331e-20
3634.678; 3.712443862062084e-20
3635.16; 4.2522282507969256e-20
3635.642; 4.9294342895481463e-20
3636.124; 5.831997232479644e-20
3636.606; 6.986603685859941e-20
3637.088; 8.624469566567228e-20
3637.571; 9.698449010092782e-20
3638.053; 1.1442423538094377e-19
3638.535; 1.2748554734213308e-19
3639.017; 1.380820606202938e-19
3639.499; 1.4582767013596523e-19
3639.981; 1.5101471651099362e-19
3640.463; 1.5429452761072425e-19
3640.945; 1.5632125901246033e-19
3641.427; 1.6077945450317932e-19
3641.91; 1.5775457116713465e-19
3642.392; 1.6256348559859738e-19
3642.874; 1.647340099652068e-19
3643.356; 1.6701558617711787e-19
3643.838; 1.6890274283298757e-19
3644.32; 1.6994586393755296e-19
3644.802; 1.696288581917738e-19
3645.284; 1.7056092188114607e-19
3645.767; 1.6255267057581882e-19
3646.249; 1.6017838630632955e-19
3646.731; 1.536387817765484e-19
3647.213; 1.4618384797861005e-19
3647.695; 1.382799305876085e-19
3648.177; 1.30672762250143e-19
3648.659; 1.241218347344364e-19
3649.141; 1.2208313935891684e-19
3649.624; 1.134402487081091e-19
3650.105; 1.2276158038805747e-19
3650.588; 1.1861715711228823e-19
3651.07; 1.2492428745178208e-19
3651.552; 1.2883174041047242e-19
3652.034; 1.3202558967850983e-19
3652.516; 1.3363565101779822e-19
3652.998; 1.333260118638799e-19
3653.48; 1.3120912969269875e-19
3653.962; 1.3063758395356876e-19
3654.445; 1.2346586111548563e-19
3654.927; 1.2387931215782976e-19
3655.409; 1.2339540241510886e-19
3655.891; 1.246735519953352e-19
3656.373; 1.2715373338952896e-19
3656.855; 1.3007625401835983e-19
3657.337; 1.3259439364021506e-19
3657.819; 1.368824440379734e-19
3658.302; 1.334542872957087e-19
3658.784; 1.359090629053052e-19
3659.266; 1.3517848338990445e-19
3659.748; 1.3423630780372662e-19
3660.23; 1.3322661455524116e-19
3660.712; 1.323288719535423e-19
3661.194; 1.3167173039512665e-19
3661.676; 1.3126564593914865e-19
3662.158; 1.3389504499498418e-19
3662.641; 1.3045388698497936e-19
3663.123; 1.3444837534660144e-19
3663.605; 1.3666522160553328e-19
3664.087; 1.3966673379524056e-19
3664.569; 1.4309274172985639e-19
3665.051; 1.465278204897298e-19
3665.533; 1.4937034598909777e-19
3666.015; 1.5396577485913092e-19
3666.498; 1.4757584580179205e-19
3666.979; 1.561511251881426e-19
3667.462; 1.4730093007910687e-19
3667.944; 1.4776816044627704e-19
3668.426; 1.4645927107306451e-19
3668.908; 1.4728246526556196e-19
3669.39; 1.5077727639378904e-19
3669.872; 1.5675191470636288e-19
3670.354; 1.6404176379064844e-19
3670.836; 1.7379846058642318e-19
3671.319; 1.7454528680046855e-19
3671.801; 1.7913609459590206e-19
3672.283; 1.7727893084976786e-19
3672.765; 1.7232368651151993e-19
3673.247; 1.6570382161838261e-19
3673.729; 1.596797118893969e-19
3674.211; 1.564835319954773e-19
3674.693; 1.6036751776461343e-19
3675.176; 1.6209498556008828e-19
3675.658; 1.7402123083735995e-19
3676.14; 1.8458876341024615e-19
3676.622; 1.9447534775657637e-19
3677.104; 2.023049458757263e-19
3677.586; 2.0782235118734762e-19
3678.068; 2.115911952674595e-19
3678.55; 2.1448403625121048e-19
3679.032; 2.2045122976725546e-19
3679.515; 2.1997573892673687e-19
3679.997; 2.2825527434668697e-19
3680.479; 2.3502003243157145e-19
3680.961; 2.430423960106772e-19
3681.443; 2.5198485830450876e-19
3681.925; 2.6165066429266605e-19
3682.407; 2.717350243724741e-19
3682.889; 2.850214984930545e-19
3683.372; 2.903759249817876e-19
3683.854; 3.0258722231547855e-19
3684.336; 3.102384886532053e-19
3684.818; 3.1581093909800276e-19
3685.3; 3.18951885706193e-19
3685.782; 3.199615318152886e-19
3686.264; 3.196227957963038e-19
3686.746; 3.222704406055498e-19
3687.229; 3.1889583889295283e-19
3687.711; 3.256392891788728e-19
3688.193; 3.3250750301217996e-19
3688.675; 3.4221915543468696e-19
3689.157; 3.5397700660168096e-19
3689.639; 3.6703327417645527e-19
3690.121; 3.808000916459332e-19
3690.603; 3.9476262308665736e-19
3691.085; 4.116145420334489e-19
3691.568; 4.2057860792209648e-19
3692.05; 4.362947650343445e-19
3692.532; 4.478855835761784e-19
3693.014; 4.580157896488322e-19
3693.496; 4.665123864051573e-19
3693.978; 4.7367290198123205e-19
3694.46; 4.800228598242795e-19
3694.942; 4.892810080903866e-19
3695.425; 4.92074265236006e-19
3695.907; 5.034044916730146e-19
3696.389; 5.1308573330002005e-19
3696.871; 5.234521284582202e-19
3697.353; 5.335518915270136e-19
3697.835; 5.425689973540913e-19
3698.317; 5.499988186915415e-19
3698.799; 5.557286870322023e-19
3699.281; 5.6304877975892985e-19
3699.764; 5.632927563145625e-19
3700.246; 5.713731046530079e-19
3700.728; 5.785631944570813e-19
3701.21; 5.880121580266357e-19
3701.692; 5.994904380169894e-19
3702.174; 6.124511175714343e-19
3702.656; 6.260624290400318e-19
3703.138; 6.422822614578665e-19
3703.621; 6.514739161972618e-19
3704.103; 6.665672256214887e-19
3704.585; 6.783666453310814e-19
3705.067; 6.894586173252719e-19
3705.549; 6.997018797547787e-19
3706.031; 7.090090900057108e-19
3706.513; 7.172032731968225e-19
3706.995; 7.267596455455198e-19
3707.478; 7.268502953981403e-19
3707.959; 7.406068705801803e-19
3708.442; 7.397785425862402e-19
3708.924; 7.476592716728105e-19
3709.406; 7.543378062830369e-19
3709.888; 7.631078074480325e-19
3710.37; 7.745852523826757e-19
3710.852; 7.891119976766583e-19
3711.334; 8.0643486851985955e-19
3711.816; 8.280327526421783e-19
3712.299; 8.452794066012265e-19
3712.781; 8.677337399967548e-19
3713.263; 8.869086321634532e-19
3713.745; 9.041966173122276e-19
3714.227; 9.192104754143388e-19
3714.709; 9.320595879651228e-19
3715.191; 9.431399279960725e-19
3715.673; 9.549751548755518e-19
3716.156; 9.62054026091463e-19
3716.638; 9.741032989009837e-19
3717.12; 9.853060573846668e-19
3717.602; 9.975263671677715e-19
3718.084; 1.0104729364875515e-18
3718.566; 1.0237598806202153e-18
3719.048; 1.0370122140918406e-18
3719.53; 1.0499457118444224e-18
3720.012; 1.0640269432948075e-18
3720.495; 1.0742775039795767e-18
3720.977; 1.0882041750630993e-18
3721.459; 1.1008659690253002e-18
3721.941; 1.1136392668518902e-18
3722.423; 1.1262723632918333e-18
3722.905; 1.1385397576699445e-18
3723.387; 1.1502905034243595e-18
3723.869; 1.1628609862576559e-18
3724.352; 1.1713412026618955e-18
3724.833; 1.1871091252692163e-18
3725.316; 1.197184926201876e-18
3725.798; 1.2122494938389999e-18
3726.28; 1.2272744970172548e-18
3726.762; 1.242853241938725e-18
3727.244; 1.2582295007080834e-18
3727.726; 1.272719064207187e-18
3728.208; 1.2858528106278877e-18
3728.69; 1.2983205351949057e-18
3729.173; 1.3077487354120495e-18
3729.655; 1.3184426006756666e-18
3730.137; 1.3284820592294958e-18
3730.619; 1.3391606774366934e-18
3731.101; 1.350716485811636e-18
3731.583; 1.363036763580207e-18
3732.065; 1.3757053789954736e-18
3732.547; 1.388774817971194e-18
3733.03; 1.4002762679000403e-18
3733.512; 1.4126294873501735e-18
3733.994; 1.4245317895402488e-18
3734.476; 1.4368588079482982e-18
3734.958; 1.449879156520167e-18
3735.44; 1.4635834416998627e-18
3735.922; 1.477673585900617e-18
3736.404; 1.4917224473402458e-18
3736.886; 1.5055689885367155e-18
3737.369; 1.5185042094156143e-18
3737.851; 1.531237353080266e-18
3738.333; 1.5432744697558044e-18
3738.815; 1.5542012839066295e-18
3739.297; 1.5549753007420379e-18
