2617.894; 1.5860148605781435e-23
2618.376; 1.5872372829849976e-23
2618.858; 1.5429678000035512e-23
2619.34; 1.5155933375890245e-23
2619.822; 1.495151522053695e-23
2620.304; 1.478618365326975e-23
2620.786; 1.464357948075385e-23
2621.269; 1.4527221320068934e-23
2621.75; 1.44089770034361e-23
2622.233; 1.4316451305655164e-23
2622.715; 1.4223152339472492e-23
2623.197; 1.413997862353508e-23
2623.679; 1.4063305103772084e-23
2624.161; 1.3992584511393584e-23
2624.643; 1.3927143913872756e-23
2625.125; 1.386629561591434e-23
2625.607; 1.3805917703908616e-23
2626.09; 1.375604841645628e-23
2626.572; 1.3699834196084115e-23
2627.054; 1.3647770921219867e-23
2627.536; 1.3596319397475538e-23
2628.018; 1.354565703819281e-23
2628.5; 1.349610134520307e-23
2628.982; 1.3448218519546626e-23
2629.464; 1.3398812974922593e-23
2629.947; 1.3360671545766244e-23
2630.429; 1.3315817275930824e-23
2630.911; 1.327684247806554e-23
2631.393; 1.323997910098441e-23
2631.875; 1.3205167909140406e-23
2632.357; 1.3172120804238902e-23
2632.839; 1.3140471745547644e-23
2633.321; 1.3109952263243487e-23
2633.803; 1.3076187170348946e-23
2634.286; 1.3052552596124857e-23
2634.768; 1.3018972877154092e-23
2635.25; 1.2989287523571223e-23
2635.732; 1.2959761392642505e-23
2636.214; 1.2930937384102216e-23
2636.696; 1.2903201976975644e-23
2637.178; 1.2876931434187272e-23
2637.66; 1.2847853723151982e-23
2638.143; 1.2830382698528458e-23
2638.625; 1.2802743213674741e-23
2639.107; 1.2779239240839334e-23
2639.589; 1.2755266855965112e-23
2640.071; 1.2730887335921971e-23
2640.553; 1.2706252788518282e-23
2641.035; 1.2681853455802959e-23
2641.517; 1.2653574549191009e-23
2642.0; 1.2637383113466902e-23
2642.482; 1.2610817934952104e-23
2642.964; 1.2589613541334094e-23
2643.446; 1.2569125807091629e-23
2643.928; 1.2549321486623725e-23
2644.41; 1.2529959182424107e-23
2644.892; 1.2510842583097306e-23
2645.374; 1.2492059317610136e-23
2645.856; 1.2468870023489485e-23
2646.339; 1.245792983273892e-23
2646.821; 1.2435424251426048e-23
2647.303; 1.241810540607589e-23
2647.785; 1.2401270615120017e-23
2648.267; 1.2385078908620935e-23
2648.749; 1.2369385779643907e-23
2649.231; 1.2354113509382406e-23
2649.713; 1.2333968696791584e-23
2650.196; 1.2325965525456039e-23
2650.678; 1.230484361931081e-23
2651.16; 1.2287923561184443e-23
2651.642; 1.2270331813478852e-23
2652.124; 1.2252519411942136e-23
2652.606; 1.2234804228366524e-23
2653.088; 1.2217504087664416e-23
2653.57; 1.2201082046281156e-23
2654.052; 1.218046470553584e-23
2654.535; 1.2173823660936518e-23
2655.017; 1.2154684797214216e-23
2655.499; 1.214100426133829e-23
2655.981; 1.2127208720318477e-23
2656.463; 1.2113188784817201e-23
2656.945; 1.209872424297688e-23
2657.427; 1.208392164956106e-23
2657.909; 1.2063414768154378e-23
2658.392; 1.205631469105821e-23
2658.874; 1.2035603202843476e-23
2659.356; 1.2020625611640127e-23
2659.838; 1.2006311045953636e-23
2660.32; 1.199315655879683e-23
2660.802; 1.1981304441377676e-23
2661.284; 1.1970895518705002e-23
2661.766; 1.1955884883011367e-23
2662.249; 1.1961267961287551e-23
2662.73; 1.1933088850896327e-23
2663.213; 1.1938525274861214e-23
2663.695; 1.1923347131338751e-23
2664.177; 1.1912786674336676e-23
2664.659; 1.1900785714580212e-23
2665.141; 1.1887614762947144e-23
2665.623; 1.1873607467004147e-23
2666.105; 1.1859491996605575e-23
2666.587; 1.1839979754381339e-23
2667.07; 1.1835933271398196e-23
2667.552; 1.1818148716744994e-23
2668.034; 1.180710521634299e-23
2668.516; 1.1796746814518881e-23
2668.998; 1.1786951971742056e-23
2669.48; 1.1777318838877608e-23
2669.962; 1.1767705507676405e-23
2670.444; 1.1751856551554982e-23
2670.927; 1.1750737138754304e-23
2671.409; 1.1734174057082158e-23
2671.891; 1.1723590079274581e-23
2672.373; 1.1713413881709564e-23
2672.855; 1.1704288096525043e-23
2673.337; 1.169639979806613e-23
2673.819; 1.1689619585257003e-23
2674.301; 1.1683728952670272e-23
2674.783; 1.1671812539902977e-23
2675.266; 1.1674712496391249e-23
2675.748; 1.1660482704566081e-23
2676.23; 1.1650516564760074e-23
2676.712; 1.1638793196548835e-23
2677.194; 1.16261910819471e-23
2677.676; 1.1613593574008544e-23
2678.158; 1.1602041295594032e-23
2678.64; 1.1585405047522778e-23
2679.123; 1.1592707833199457e-23
2679.604; 1.1562546395779459e-23
2680.087; 1.1571499910113177e-23
2680.569; 1.1557650417799173e-23
2681.051; 1.1549769321544403e-23
2681.533; 1.1541122903729716e-23
2682.015; 1.1532246386764342e-23
2682.497; 1.1523652885223004e-23
2682.979; 1.1516063055419356e-23
2683.461; 1.1503140266221657e-23
2683.944; 1.1507825493819102e-23
2684.426; 1.1496628653583727e-23
2684.908; 1.1492221230596552e-23
2685.39; 1.1487713074622306e-23
2685.872; 1.148318699508378e-23
2686.354; 1.1478568923398385e-23
2686.836; 1.1474027907774772e-23
2687.318; 1.1462663506544771e-23
2687.801; 1.1467762865876308e-23
2688.283; 1.145508930894165e-23
2688.765; 1.1448093655785843e-23
2689.247; 1.1440128437047486e-23
2689.729; 1.1431757205130196e-23
2690.211; 1.1423348090026134e-23
2690.693; 1.1415185355194804e-23
2691.175; 1.140760939474557e-23
2691.657; 1.1393477186010932e-23
2692.14; 1.139662806894758e-23
2692.622; 1.1381617572211159e-23
2693.104; 1.1372511297605671e-23
2693.586; 1.1362484171923898e-23
2694.068; 1.1352273178999305e-23
2694.55; 1.1342523328073777e-23
2695.032; 1.1334056120678173e-23
2695.514; 1.1320015481972292e-23
2695.997; 1.1325106535367971e-23
2696.479; 1.1313039875339163e-23
2696.961; 1.1308193976531347e-23
2697.443; 1.1303102791043428e-23
2697.925; 1.1297967019968252e-23
2698.407; 1.1292959516697174e-23
2698.889; 1.1288594183125281e-23
2699.371; 1.127772171252402e-23
2699.854; 1.1285500040169545e-23
2700.336; 1.127484830773139e-23
2700.818; 1.127050961757286e-23
2701.3; 1.1264667475272218e-23
2701.782; 1.125733498019333e-23
2702.264; 1.1248631834136485e-23
2702.746; 1.1239067355595202e-23
2703.228; 1.1229690889661271e-23
2703.71; 1.121381805452141e-23
2704.193; 1.1217996739672102e-23
2704.675; 1.1204829162237059e-23
2705.157; 1.1200225293380676e-23
2705.639; 1.1196366143282706e-23
2706.121; 1.11931200535184e-23
2706.603; 1.1190130673730959e-23
2707.085; 1.1187425323559265e-23
2707.567; 1.1177259851258734e-23
2708.05; 1.1186036018345424e-23
2708.532; 1.1175428334917608e-23
2709.014; 1.117193696030082e-23
2709.496; 1.1167970617777623e-23
2709.978; 1.1163832146321063e-23
2710.46; 1.1159487710407389e-23
2710.942; 1.115484902886623e-23
2711.424; 1.1150069140082755e-23
2711.906; 1.1137156536395532e-23
2712.389; 1.1143028701715884e-23
2712.871; 1.1128264121785263e-23
2713.353; 1.112006514084228e-23
2713.835; 1.1110911403495877e-23
2714.317; 1.1101622233029275e-23
2714.799; 1.1092859947912726e-23
2715.281; 1.1085538594000299e-23
2715.763; 1.1072122157509397e-23
2716.246; 1.108045629138405e-23
2716.728; 1.1070301719407547e-23
2717.21; 1.1069083138707219e-23
2717.692; 1.1068435674832663e-23
2718.174; 1.1068255296431157e-23
2718.656; 1.1068141178620747e-23
2719.138; 1.106791318368344e-23
2719.62; 1.1058637969250402e-23
2720.103; 1.1076388879531627e-23
2720.584; 1.1043373940666077e-23
2721.067; 1.1056932620427886e-23
2721.549; 1.1039510514914045e-23
2722.031; 1.1028412513950126e-23
2722.513; 1.101596303167066e-23
2722.995; 1.1003479848305435e-23
2723.477; 1.0991994308030585e-23
2723.959; 1.0982564820718418e-23
2724.441; 1.0967166851317017e-23
2724.924; 1.0974684848986023e-23
2725.406; 1.0962715156417791e-23
2725.888; 1.0959831820988456e-23
2726.37; 1.0957330049630561e-23
2726.852; 1.0955344387793498e-23
2727.334; 1.0953820967993453e-23
2727.816; 1.0952998144150797e-23
2728.298; 1.0944224700403334e-23
2728.781; 1.0956626915733378e-23
2729.263; 1.0947191528624727e-23
2729.745; 1.0945084164813436e-23
2730.227; 1.094168955465142e-23
2730.709; 1.0937350055321054e-23
2731.191; 1.093216290025791e-23
2731.673; 1.0926223957537364e-23
2732.155; 1.0919921601725961e-23
2732.637; 1.0904643034665053e-23
2733.12; 1.0910623598350883e-23
2733.602; 1.0894585922165868e-23
2734.084; 1.0887278131700743e-23
2734.566; 1.08808155556261e-23
2735.048; 1.0876264898566596e-23
2735.53; 1.0874032570318298e-23
2736.012; 1.0874240807796803e-23
2736.494; 1.0866999956758943e-23
2736.977; 1.0890856966372484e-23
2737.458; 1.0860864421341722e-23
2737.941; 1.0881922382798015e-23
2738.423; 1.0869732636863626e-23
2738.905; 1.0864481961822157e-23
2739.387; 1.0857709492603008e-23
2739.869; 1.0850582221546733e-23
2740.351; 1.0843841501647087e-23
2740.833; 1.0838237372717728e-23
2741.315; 1.0824845386040361e-23
2741.798; 1.0834836940214827e-23
2742.28; 1.0822665073237174e-23
2742.762; 1.081954915711277e-23
2743.244; 1.0816429976089136e-23
2743.726; 1.081359211996589e-23
2744.208; 1.0810877446685104e-23
2744.69; 1.0808301889367645e-23
2745.172; 1.079630470410626e-23
2745.655; 1.0806412543174183e-23
2746.137; 1.0792431840449613e-23
2746.619; 1.0786515794035196e-23
2747.101; 1.0780057515817538e-23
2747.583; 1.0774065309762388e-23
2748.065; 1.0769056755946244e-23
2748.547; 1.0765263917187078e-23
2749.029; 1.0762965028615362e-23
2749.511; 1.0752519100055968e-23
2749.994; 1.0765973902263347e-23
2750.476; 1.0755997924643905e-23
2750.958; 1.0754924482118866e-23
2751.44; 1.0753471353648001e-23
2751.922; 1.0752182912513889e-23
2752.404; 1.0751294445326006e-23
2752.886; 1.0751310326996659e-23
2753.368; 1.0742793934501313e-23
2753.851; 1.0758546085647346e-23
2754.333; 1.0750646613386385e-23
2754.815; 1.0751696110617936e-23
2755.297; 1.0751833406619738e-23
2755.779; 1.0751017243246531e-23
2756.261; 1.0748933304371906e-23
2756.743; 1.0745767433807376e-23
2757.225; 1.0731921450796374e-23
2757.708; 1.0741208226389612e-23
2758.19; 1.0725481732468129e-23
2758.672; 1.0718759893445203e-23
2759.154; 1.0711709202165325e-23
2759.636; 1.0704789911667144e-23
2760.118; 1.0697875251647017e-23
2760.6; 1.0690781304706912e-23
2761.082; 1.0683841232445872e-23
2761.564; 1.0667409844752458e-23
2762.047; 1.0676198846449066e-23
2762.529; 1.0661072619802904e-23
2763.011; 1.0656706222169088e-23
2763.493; 1.0653265353349968e-23
2763.975; 1.0650778013661848e-23
2764.457; 1.0648644913534144e-23
2764.939; 1.0646588594060541e-23
2765.421; 1.0634166945218134e-23
2765.904; 1.0646154233632479e-23
2766.386; 1.063244180620361e-23
2766.868; 1.0628407661591614e-23
2767.35; 1.0624501200771342e-23
2767.832; 1.0621288881983882e-23
2768.314; 1.0618574555635818e-23
2768.796; 1.0615894210976086e-23
2769.278; 1.0613127284304917e-23
2769.76; 1.059971691617304e-23
2770.243; 1.0611033875673949e-23
2770.725; 1.0595854970801783e-23
2771.207; 1.0590015011254025e-23
2771.689; 1.058370168857253e-23
2772.171; 1.0577688550415972e-23
2772.653; 1.057233797460173e-23
2773.135; 1.056834139531898e-23
2773.617; 1.0555599369629653e-23
2774.1; 1.0570307689359977e-23
2774.582; 1.0560235727149597e-23
2775.064; 1.0561090476432674e-23
2775.546; 1.0561808614641332e-23
2776.028; 1.0561820047395114e-23
2776.51; 1.0560122767550784e-23
2776.992; 1.0556306325219776e-23
2777.474; 1.0539201153311842e-23
2777.957; 1.055688136624238e-23
2778.438; 1.0509986297409427e-23
2778.921; 1.0526774077183736e-23
2779.403; 1.050782545267694e-23
2779.885; 1.0501909275007876e-23
2780.367; 1.049826061868617e-23
2780.849; 1.0496842990431265e-23
2781.331; 1.0496784078555019e-23
2781.813; 1.0497346129022389e-23
2782.295; 1.0486668466620353e-23
2782.778; 1.0501202647947114e-23
2783.26; 1.0486430459027963e-23
2783.742; 1.0479786796313632e-23
2784.224; 1.0471138324250255e-23
2784.706; 1.0461915524536915e-23
2785.188; 1.0453354823049635e-23
2785.67; 1.0446989406221186e-23
2786.152; 1.043267159978361e-23
2786.635; 1.0448498788515509e-23
2787.117; 1.043913880887083e-23
2787.599; 1.0441630130286188e-23
2788.081; 1.0443942194822844e-23
2788.563; 1.0445446354621963e-23
2789.045; 1.0445435943630483e-23
2789.527; 1.044372202068612e-23
2790.009; 1.0441078477035671e-23
2790.491; 1.0427170679629146e-23
2790.974; 1.0441336324362668e-23
2791.456; 1.0428552165884873e-23
2791.938; 1.0427782173928156e-23
2792.42; 1.0428049713094558e-23
2792.902; 1.0429547584838738e-23
2793.384; 1.0431813144891293e-23
2793.866; 1.0434615912525411e-23
2794.348; 1.0426031661704881e-23
2794.831; 1.0444383367804304e-23
2795.313; 1.0432701856259449e-23
2795.795; 1.0429774895912172e-23
2796.277; 1.0424531700032736e-23
2796.759; 1.0417906883520242e-23
2797.241; 1.0410714476754577e-23
2797.723; 1.0404277135326905e-23
2798.205; 1.0387639349760663e-23
2798.688; 1.0413028660024545e-23
2799.169; 1.0371967101812587e-23
2799.652; 1.040148159930015e-23
2800.134; 1.0391788572233738e-23
2800.616; 1.0393440942681245e-23
2801.098; 1.039319363755621e-23
2801.58; 1.0390277732849886e-23
2802.062; 1.0384052568465283e-23
2802.544; 1.0374989908257625e-23
2803.026; 1.035216345382978e-23
2803.509; 1.0357450760447189e-23
2803.991; 1.0333572039584978e-23
2804.473; 1.0322475927781738e-23
2804.955; 1.0313255837179064e-23
2805.437; 1.030641092032646e-23
2805.919; 1.0301291149407852e-23
2806.401; 1.0296831266269663e-23
2806.883; 1.029241532220242e-23
2807.365; 1.0275453804546236e-23
2807.848; 1.0287118728007919e-23
2808.33; 1.026801326389312e-23
2808.812; 1.0260336262559401e-23
2809.294; 1.0253159352289112e-23
2809.776; 1.0247715087225459e-23
2810.258; 1.0244412988558773e-23
2810.74; 1.0243637464408665e-23
2811.222; 1.0232919555419736e-23
2811.705; 1.0253448876039029e-23
2812.187; 1.024389929473186e-23
2812.669; 1.0245475194461368e-23
2813.151; 1.024558281637326e-23
2813.633; 1.0244235345546624e-23
2814.115; 1.02411392019882e-23
2814.597; 1.023660099913512e-23
2815.079; 1.0218477999546906e-23
2815.562; 1.0229578444789016e-23
2816.044; 1.0208933480969015e-23
2816.526; 1.0199751200308271e-23
2817.008; 1.0190513363325662e-23
2817.49; 1.0182282785347185e-23
2817.972; 1.0175481704855207e-23
2818.454; 1.0170416395322859e-23
2818.936; 1.0167825193455272e-23
2819.418; 1.0155542867480542e-23
2819.901; 1.0176748244200013e-23
2820.383; 1.0168846595679675e-23
2820.865; 1.0174382960252415e-23
2821.347; 1.0179988882419578e-23
2821.829; 1.0184866856067825e-23
2822.311; 1.0187737488504506e-23
2822.793; 1.0188064407012286e-23
2823.275; 1.0172855761009497e-23
2823.758; 1.0186090150152492e-23
2824.24; 1.0165358166275292e-23
2824.722; 1.0155623518001627e-23
2825.204; 1.0145531286028685e-23
2825.686; 1.0136455743154704e-23
2826.168; 1.0128817572578778e-23
2826.65; 1.012300097108196e-23
2827.132; 1.0105788241507251e-23
2827.615; 1.0121061779098703e-23
2828.097; 1.010397017638753e-23
2828.579; 1.0098709730760153e-23
2829.061; 1.0092463870730567e-23
2829.543; 1.008590962711306e-23
2830.025; 1.0079393031128126e-23
2830.507; 1.0073384679093279e-23
2830.989; 1.0068900574368775e-23
2831.471; 1.0053378360007827e-23
2831.954; 1.0072073143593668e-23
2832.436; 1.0059301266096929e-23
2832.918; 1.005948889212942e-23
2833.4; 1.0058633813961164e-23
2833.882; 1.0056179331082029e-23
2834.364; 1.0051352793237042e-23
2834.846; 1.0044282111946566e-23
2835.328; 1.0021504781482164e-23
2835.811; 1.0043281679220757e-23
2836.292; 9.98484524206733e-24
2836.775; 1.0005726499704499e-23
2837.257; 9.980519626526626e-24
2837.739; 9.969520688857338e-24
2838.221; 9.959332369413873e-24
2838.703; 9.950908703088434e-24
2839.185; 9.944910790084371e-24
2839.667; 9.942430640963848e-24
2840.149; 9.930297233314067e-24
2840.632; 9.954619531488803e-24
2841.114; 9.94680476668775e-24
2841.596; 9.951747744935654e-24
2842.078; 9.954321103993894e-24
2842.56; 9.953727531119116e-24
2843.042; 9.949506262610608e-24
2843.524; 9.942603008553067e-24
2844.006; 9.920601702984532e-24
2844.489; 9.93211541815287e-24
2844.971; 9.910043232960979e-24
2845.453; 9.902284462420559e-24
2845.935; 9.895329168263116e-24
2846.417; 9.88931267643656e-24
2846.899; 9.88369095405643e-24
2847.381; 9.87808128870406e-24
2847.863; 9.872957299137641e-24
2848.345; 9.85480509518096e-24
2848.828; 9.871812553122981e-24
2849.31; 9.855070648591702e-24
2849.792; 9.852738412604311e-24
2850.274; 9.85132456189829e-24
2850.756; 9.851605943853143e-24
2851.238; 9.853793364457756e-24
2851.72; 9.858375699059532e-24
2852.202; 9.851025883995655e-24
2852.685; 9.879159250255434e-24
2853.167; 9.871339246371233e-24
2853.649; 9.874337473136511e-24
2854.131; 9.87285610666801e-24
2854.613; 9.866636512440496e-24
2855.095; 9.855811018463835e-24
2855.577; 9.841925701058127e-24
2856.059; 9.812109745735698e-24
2856.542; 9.832518765934798e-24
2857.023; 9.770313074505036e-24
2857.506; 9.797160426178904e-24
2857.988; 9.778260244472467e-24
2858.47; 9.777231633445294e-24
2858.952; 9.777948575479593e-24
2859.434; 9.779204719744297e-24
2859.916; 9.779445435553763e-24
2860.398; 9.778081391673722e-24
2860.88; 9.76024540524183e-24
2861.363; 9.77608936169996e-24
2861.845; 9.753950529836175e-24
2862.327; 9.744940733104578e-24
2862.809; 9.73592467693481e-24
2863.291; 9.728609429361862e-24
2863.773; 9.723848511214626e-24
2864.255; 9.722080450389297e-24
2864.737; 9.723812855323349e-24
2865.219; 9.713896357204358e-24
2865.702; 9.741804123967376e-24
2866.184; 9.732657037600523e-24
2866.666; 9.735391051870585e-24
2867.148; 9.734025334065343e-24
2867.63; 9.72836141885359e-24
2868.112; 9.718648905643669e-24
2868.594; 9.706685928925459e-24
2869.076; 9.679674921238085e-24
2869.559; 9.69122228104611e-24
2870.041; 9.66854102069375e-24
2870.523; 9.66373152171402e-24
2871.005; 9.661368815152136e-24
2871.487; 9.660387703263812e-24
2871.969; 9.658822288220345e-24
2872.451; 9.65567072359746e-24
2872.933; 9.635462407244308e-24
2873.416; 9.651058163464725e-24
2873.898; 9.628793067278332e-24
2874.38; 9.622760755811441e-24
2874.862; 9.619361779018372e-24
2875.344; 9.619354595953552e-24
2875.826; 9.621626416072259e-24
2876.308; 9.624247977632395e-24
2876.79; 9.625847462047182e-24
2877.272; 9.610001549845555e-24
2877.755; 9.62930847043684e-24
2878.237; 9.608122082995656e-24
2878.719; 9.600523522005716e-24
2879.201; 9.592453415767778e-24
2879.683; 9.58496645313159e-24
2880.165; 9.577781238794425e-24
2880.647; 9.570618955792734e-24
2881.129; 9.547136694857447e-24
2881.612; 9.560378763336539e-24
2882.094; 9.532797606983186e-24
2882.576; 9.518660523615866e-24
2883.058; 9.503464285199687e-24
2883.54; 9.488645925297187e-24
2884.022; 9.474786606991213e-24
2884.504; 9.462705098518703e-24
2884.986; 9.436826681581348e-24
2885.469; 9.451593706750263e-24
2885.951; 9.428520783435647e-24
2886.433; 9.422363073395844e-24
2886.915; 9.417797622375679e-24
2887.397; 9.415505338702194e-24
2887.879; 9.415218110016309e-24
2888.361; 9.416399447835644e-24
2888.843; 9.419018334421625e-24
2889.325; 9.406683424941404e-24
2889.808; 9.43366055862636e-24
2890.29; 9.419903023235837e-24
2890.772; 9.419645523494152e-24
2891.254; 9.416484150932483e-24
2891.736; 9.410545020052299e-24
2892.218; 9.401765613560873e-24
2892.7; 9.391205748544031e-24
2893.182; 9.363464647758191e-24
2893.665; 9.392546550231132e-24
2894.146; 9.327948000709478e-24
2894.629; 9.363425881613861e-24
2895.111; 9.346874235137498e-24
2895.593; 9.350270701753839e-24
2896.075; 9.355528717893233e-24
2896.557; 9.361264354292736e-24
2897.039; 9.365546893455279e-24
2897.521; 9.367396637489511e-24
2898.003; 9.349646214478473e-24
2898.486; 9.368412379777775e-24
2898.968; 9.342646834792871e-24
2899.45; 9.329995075927452e-24
2899.932; 9.316100313343842e-24
2900.414; 9.303710182616238e-24
2900.896; 9.294820006955044e-24
2901.378; 9.291330130870871e-24
2901.86; 9.277023755287892e-24
2902.343; 9.307845540242319e-24
2902.825; 9.299048809288997e-24
2903.307; 9.304995370405031e-24
2903.789; 9.306783815235631e-24
2904.271; 9.303333261531066e-24
2904.753; 9.294081791663592e-24
2905.235; 9.279622916209666e-24
2905.717; 9.262002709169577e-24
2906.199; 9.226194555925374e-24
2906.682; 9.23172282321023e-24
2907.164; 9.19552691871379e-24
2907.646; 9.17643506701434e-24
2908.128; 9.158360356620116e-24
2908.61; 9.142689617856041e-24
2909.092; 9.130295318641704e-24
2909.574; 9.122498705175928e-24
2910.056; 9.102650208050381e-24
2910.539; 9.128917827554624e-24
2911.021; 9.115241543980476e-24
2911.503; 9.11884271934073e-24
2911.985; 9.121491043332304e-24
2912.467; 9.122889967866052e-24
2912.949; 9.122678508307928e-24
2913.431; 9.121463569576442e-24
2913.913; 9.101780853873499e-24
2914.396; 9.140581865382425e-24
2914.877; 9.075864772522021e-24
2915.36; 9.112021121626518e-24
2915.842; 9.086870666285003e-24
2916.324; 9.077943014304582e-24
2916.806; 9.068408313411564e-24
2917.288; 9.060007439164819e-24
2917.77; 9.053874152280324e-24
2918.252; 9.051362390341525e-24
2918.734; 9.03534117884898e-24
2919.217; 9.06517751429689e-24
2919.699; 9.0531581654578e-24
2920.181; 9.058047923143657e-24
2920.663; 9.06140750746629e-24
2921.145; 9.062674638542893e-24
2921.627; 9.060657119526043e-24
2922.109; 9.054376081858053e-24
2922.591; 9.04406179964866e-24
2923.073; 9.01266520677587e-24
2923.556; 9.022541766089649e-24
2924.038; 8.988127405695029e-24
2924.52; 8.973334907949963e-24
2925.002; 8.963396524107053e-24
2925.484; 8.960585382218557e-24
2925.966; 8.96487449347473e-24
2926.448; 8.975219445806953e-24
2926.93; 8.97125714603985e-24
2927.413; 9.011397551271274e-24
2927.895; 9.00486065924577e-24
2928.377; 9.012187538502186e-24
2928.859; 9.016266441188513e-24
2929.341; 9.018890886590961e-24
2929.823; 9.021056916622737e-24
2930.305; 9.023626512111078e-24
2930.787; 9.008058181730003e-24
2931.27; 9.035132539272061e-24
2931.752; 9.013912610999143e-24
2932.234; 9.006096487333059e-24
2932.716; 8.994552314488219e-24
2933.198; 8.98151295513451e-24
2933.68; 8.968783616194833e-24
2934.162; 8.957788266448886e-24
2934.644; 8.949782679549743e-24
2935.126; 8.926122920848377e-24
2935.609; 8.948591720741748e-24
2936.091; 8.92398708398086e-24
2936.573; 8.913924821994756e-24
2937.055; 8.899404010363042e-24
2937.537; 8.881289913618875e-24
2938.019; 8.860826063667191e-24
2938.501; 8.84071519325672e-24
2938.983; 8.804913651484611e-24
2939.466; 8.819684767844038e-24
2939.948; 8.793685382621271e-24
2940.43; 8.791278890243214e-24
2940.912; 8.792897899733933e-24
2941.394; 8.796916423774114e-24
2941.876; 8.800388320385763e-24
2942.358; 8.80116690215716e-24
2942.84; 8.77871558431761e-24
2943.323; 8.797384426596363e-24
2943.805; 8.764487232402432e-24
2944.287; 8.747092929187636e-24
2944.769; 8.729200265481795e-24
2945.251; 8.713704723202807e-24
2945.733; 8.701768401064424e-24
2946.215; 8.693475792676965e-24
2946.697; 8.688911549761146e-24
2947.179; 8.66839243944454e-24
2947.662; 8.69679997317044e-24
2948.144; 8.678991763559328e-24
2948.626; 8.680530681022253e-24
2949.108; 8.682508073733828e-24
2949.59; 8.68516625556378e-24
2950.072; 8.687527113529917e-24
2950.554; 8.68888935959782e-24
2951.036; 8.668303198575379e-24
2951.519; 8.711203062640628e-24
2952.0; 8.636852532275283e-24
2952.483; 8.67548347023457e-24
2952.965; 8.647498139145939e-24
2953.447; 8.641042012154202e-24
2953.929; 8.63748274906428e-24
2954.411; 8.637589557100461e-24
2954.893; 8.640356988991611e-24
2955.375; 8.644561682731071e-24
2955.857; 8.62855979382632e-24
2956.34; 8.65727312749718e-24
2956.822; 8.632247704207134e-24
2957.304; 8.62041761231967e-24
2957.786; 8.60354038333216e-24
2958.268; 8.58420263878082e-24
2958.75; 8.56445008363211e-24
2959.232; 8.546502812010887e-24
2959.714; 8.511302129933843e-24
2960.197; 8.526592481043487e-24
2960.679; 8.492830376752152e-24
2961.161; 8.477543428746227e-24
2961.643; 8.461281572970997e-24
2962.125; 8.445927495591555e-24
2962.607; 8.433211323281584e-24
2963.089; 8.424731541461467e-24
2963.571; 8.421875500316644e-24
2964.053; 8.403959084458546e-24
2964.536; 8.437417931066583e-24
2965.018; 8.419474724036228e-24
2965.5; 8.416275325387664e-24
2965.982; 8.406891295372874e-24
2966.464; 8.39301199073836e-24
2966.946; 8.377408673846154e-24
2967.428; 8.364322733995536e-24
2967.91; 8.336650244418379e-24
2968.393; 8.365156008635493e-24
2968.875; 8.348324649252588e-24
2969.357; 8.353399567798265e-24
2969.839; 8.357526590260777e-24
2970.321; 8.359152299397572e-24
2970.803; 8.357196312782992e-24
2971.285; 8.352470649480883e-24
2971.767; 8.324894579751198e-24
2972.25; 8.366716395617249e-24
2972.731; 8.286034696170522e-24
2973.214; 8.325734722743282e-24
2973.696; 8.292659885403648e-24
2974.178; 8.27829527011553e-24
2974.66; 8.262152357769202e-24
2975.142; 8.246224814094023e-24
2975.624; 8.232184763235262e-24
2976.106; 8.222145134647775e-24
2976.588; 8.196124144466677e-24
2977.071; 8.224885007904948e-24
2977.553; 8.20406800409317e-24
2978.035; 8.203648645265698e-24
2978.517; 8.202208492092876e-24
2978.999; 8.200148197238818e-24
2979.481; 8.197438444861732e-24
2979.963; 8.194061998011105e-24
2980.445; 8.190491236608826e-24
2980.927; 8.165267572033962e-24
2981.41; 8.18957947725896e-24
2981.892; 8.158359614364221e-24
2982.374; 8.143778392582638e-24
2982.856; 8.125930062786268e-24
2983.338; 8.106972640087236e-24
2983.82; 8.088319705540765e-24
2984.302; 8.071667086020763e-24
2984.784; 8.036296466919063e-24
2985.267; 8.055070656745099e-24
2985.749; 8.022238049652017e-24
2986.231; 8.0112551910726e-24
2986.713; 8.002101188673903e-24
2987.195; 7.996686480259404e-24
2987.677; 7.995599448466379e-24
2988.159; 7.9989734475232e-24
2988.641; 7.983599173869261e-24
2989.124; 8.019951857152439e-24
2989.606; 7.998478541678904e-24
2990.088; 7.990733422833879e-24
2990.57; 7.975433345065407e-24
2991.052; 7.955177462474133e-24
2991.534; 7.933061592697981e-24
2992.016; 7.912475488879463e-24
2992.498; 7.89687566836295e-24
2992.98; 7.866004781964344e-24
2993.463; 7.893915864791064e-24
2993.945; 7.871135963701612e-24
2994.427; 7.870213403219717e-24
2994.909; 7.868016482338172e-24
2995.391; 7.86426292127207e-24
2995.873; 7.85844292212796e-24
2996.355; 7.851079118568236e-24
2996.837; 7.820234740186206e-24
2997.32; 7.84095787318388e-24
2997.802; 7.804151597331327e-24
2998.284; 7.785733647207425e-24
2998.766; 7.765428683291366e-24
2999.248; 7.746145365378319e-24
2999.73; 7.730195519061943e-24
3000.212; 7.720130600836166e-24
3000.694; 7.694652891557866e-24
3001.177; 7.728721012685352e-24
3001.659; 7.710096852604626e-24
3002.141; 7.711781353321375e-24
3002.623; 7.709138374225491e-24
3003.105; 7.701089819377266e-24
3003.587; 7.68702299307012e-24
3004.069; 7.667676450986976e-24
3004.551; 7.64562764704486e-24
3005.033; 7.600795321757569e-24
3005.516; 7.611856567061738e-24
3005.998; 7.568392867690242e-24
3006.48; 7.547734765411906e-24
3006.962; 7.527716122627288e-24
3007.444; 7.50923134693523e-24
3007.926; 7.492792994540943e-24
3008.408; 7.48017674990745e-24
3008.89; 7.449658531167881e-24
3009.373; 7.503050118022306e-24
3009.854; 7.429170981409425e-24
3010.337; 7.494893576230614e-24
3010.819; 7.486362847995478e-24
3011.301; 7.501379538895915e-24
3011.783; 7.513462088065268e-24
3012.265; 7.52032364169281e-24
3012.747; 7.519968056228046e-24
3013.229; 7.51262256229022e-24
3013.711; 7.476565462354243e-24
3014.194; 7.49208943777983e-24
3014.676; 7.448323015938511e-24
3015.158; 7.426290424173275e-24
3015.64; 7.405704059704892e-24
3016.122; 7.388913694257942e-24
3016.604; 7.376508015904578e-24
3017.086; 7.368941499293557e-24
3017.568; 7.342350592847407e-24
3018.051; 7.374211699200065e-24
3018.533; 7.348555591622705e-24
3019.015; 7.343256276922284e-24
3019.497; 7.335004933231613e-24
3019.979; 7.32464950676014e-24
3020.461; 7.312520619906687e-24
3020.943; 7.299066709321343e-24
3021.425; 7.285523928922808e-24
3021.907; 7.249048547704974e-24
3022.39; 7.269585752005223e-24
3022.872; 7.231564420831055e-24
3023.354; 7.215663936893699e-24
3023.836; 7.200241822596118e-24
3024.318; 7.187942373168257e-24
3024.8; 7.180384500413337e-24
3025.282; 7.179031136857343e-24
3025.764; 7.159699895160928e-24
3026.247; 7.200162647501961e-24
3026.729; 7.179707463728528e-24
3027.211; 7.174666829608733e-24
3027.693; 7.158747143859858e-24
3028.175; 7.13190351347128e-24
3028.657; 7.095938915675132e-24
3029.139; 7.055778078943634e-24
3029.621; 6.992511071182436e-24
3030.104; 7.01732015003944e-24
3030.585; 6.910893277569711e-24
3031.068; 6.955932866113694e-24
3031.55; 6.927838096707334e-24
3032.032; 6.929182382914074e-24
3032.514; 6.931318530744807e-24
3032.996; 6.931127870967483e-24
3033.478; 6.926099301325354e-24
3033.96; 6.916417702406855e-24
3034.442; 6.879527143421482e-24
3034.925; 6.89979647720411e-24
3035.407; 6.861188797098934e-24
3035.889; 6.848429287989693e-24
3036.371; 6.839736879465995e-24
3036.853; 6.836678154261444e-24
3037.335; 6.83864905833e-24
3037.817; 6.844012735177611e-24
3038.299; 6.85143534180356e-24
3038.781; 6.834804688986995e-24
3039.264; 6.87467571709041e-24
3039.746; 6.850048379699589e-24
3040.228; 6.8430502456738e-24
3040.71; 6.83024766086016e-24
3041.192; 6.813453374243452e-24
3041.674; 6.793898818497622e-24
3042.156; 6.773698996599042e-24
3042.638; 6.729978569093336e-24
3043.121; 6.74727623409245e-24
3043.603; 6.705892928591683e-24
3044.085; 6.69053527310649e-24
3044.567; 6.678362832327241e-24
3045.049; 6.671114204201505e-24
3045.531; 6.668987852288442e-24
3046.013; 6.672159569742442e-24
3046.495; 6.654939886453127e-24
3046.978; 6.699228438250624e-24
3047.46; 6.681429776484152e-24
3047.942; 6.684023857390848e-24
3048.424; 6.682181423601567e-24
3048.906; 6.676876012588888e-24
3049.388; 6.668567587715562e-24
3049.87; 6.657748736214543e-24
3050.352; 6.645543647156855e-24
3050.834; 6.6071629924715676e-24
3051.317; 6.626932591282937e-24
3051.799; 6.5808019034636316e-24
3052.281; 6.553436684022009e-24
3052.763; 6.520753453463965e-24
3053.245; 6.4850677748774305e-24
3053.727; 6.448628735252875e-24
3054.209; 6.414913288809103e-24
3054.691; 6.3615553236349956e-24
3055.174; 6.3758607260727474e-24
3055.656; 6.334166679907519e-24
3056.138; 6.321783646134783e-24
3056.62; 6.312810630707742e-24
3057.102; 6.3066251468992874e-24
3057.584; 6.3017649619529675e-24
3058.066; 6.2979340304465625e-24
3058.548; 6.269450183134615e-24
3059.031; 6.301885884795305e-24
3059.513; 6.269873733562397e-24
3059.995; 6.259174991865167e-24
3060.477; 6.244572459152577e-24
3060.959; 6.226801548388394e-24
3061.441; 6.20606363818052e-24
3061.923; 6.1832058052514215e-24
3062.405; 6.1607146470224126e-24
3062.887; 6.115542609031181e-24
3063.37; 6.136311658250659e-24
3063.852; 6.098536687881423e-24
3064.334; 6.08937773714895e-24
3064.816; 6.083238105510926e-24
3065.298; 6.079729577122502e-24
3065.78; 6.077221050613941e-24
3066.262; 6.0749366432472185e-24
3066.744; 6.045516449300937e-24
3067.227; 6.1013864369770275e-24
3067.708; 6.0030326546567075e-24
3068.191; 6.051537379613993e-24
3068.673; 6.007727234220052e-24
3069.155; 5.985611139918714e-24
3069.637; 5.960428837032812e-24
3070.119; 5.935424597731596e-24
3070.601; 5.913809358024855e-24
3071.083; 5.899760156221587e-24
3071.565; 5.870390490671373e-24
3072.048; 5.913908041250452e-24
3072.53; 5.901786267096641e-24
3073.012; 5.918342546147499e-24
3073.494; 5.9339695846751685e-24
3073.976; 5.945321035266215e-24
3074.458; 5.9492350520042254e-24
3074.94; 5.945134624926186e-24
3075.422; 5.907708551529489e-24
3075.905; 5.927163955981996e-24
3076.387; 5.87736397724897e-24
3076.869; 5.8494272668620476e-24
3077.351; 5.820089862352625e-24
3077.833; 5.792210579346627e-24
3078.315; 5.76725209735263e-24
3078.797; 5.74626853013833e-24
3079.279; 5.730784512732014e-24
3079.761; 5.694940884077708e-24
3080.244; 5.726794234920495e-24
3080.726; 5.69518836438902e-24
3081.208; 5.6869832610332345e-24
3081.69; 5.674378393114368e-24
3082.172; 5.657019114839832e-24
3082.654; 5.6347994124306135e-24
3083.136; 5.609703241461637e-24
3083.618; 5.55775881903791e-24
3084.101; 5.570764919915748e-24
3084.583; 5.520776943801364e-24
3085.065; 5.498882111910735e-24
3085.547; 5.480102438498021e-24
3086.029; 5.4657442789277335e-24
3086.511; 5.455784007853992e-24
3086.993; 5.450676033875772e-24
3087.475; 5.4228433446649105e-24
3087.958; 5.4876918335436364e-24
3088.439; 5.3978940143933054e-24
3088.922; 5.461886817568544e-24
3089.404; 5.432020739971993e-24
3089.886; 5.424125329198674e-24
3090.368; 5.411285650044913e-24
3090.85; 5.3954250386494376e-24
3091.332; 5.378451264504616e-24
3091.814; 5.363419082961728e-24
3092.296; 5.325838489175021e-24
3092.779; 5.35661822637481e-24
3093.261; 5.3237837192634375e-24
3093.743; 5.315866345642182e-24
3094.225; 5.304405182735866e-24
3094.707; 5.288294307731449e-24
3095.189; 5.26649339161512e-24
3095.671; 5.239532391049507e-24
3096.153; 5.210537670703834e-24
3096.635; 5.156490261862561e-24
3097.118; 5.171663907853171e-24
3097.6; 5.126732901026189e-24
3098.082; 5.113628584566915e-24
3098.564; 5.1053084597669875e-24
3099.046; 5.100420120131494e-24
3099.528; 5.095927506715577e-24
3100.01; 5.089931110126054e-24
3100.492; 5.054271933818698e-24
3100.975; 5.079956105873126e-24
3101.457; 5.035590843705184e-24
3101.939; 5.014392223934902e-24
3102.421; 4.9918620432846474e-24
3102.903; 4.9701447548987655e-24
3103.385; 4.949554966341616e-24
3103.867; 4.9307531680432046e-24
3104.349; 4.8871500197361735e-24
3104.832; 4.910576250669285e-24
3105.314; 4.8700899553018554e-24
3105.796; 4.859318448713693e-24
3106.278; 4.854133682960085e-24
3106.76; 4.856612329838852e-24
3107.242; 4.86591221622222e-24
3107.724; 4.879129321100372e-24
3108.206; 4.892850938620028e-24
3108.688; 4.875691165763696e-24
3109.171; 4.9154221803256384e-24
3109.653; 4.876133381475881e-24
3110.135; 4.849439902246507e-24
3110.617; 4.810441109258368e-24
3111.099; 4.7631490392903686e-24
3111.581; 4.711228730709845e-24
3112.063; 4.659200915949578e-24
3112.545; 4.583506952312268e-24
3113.028; 4.578755084292076e-24
3113.51; 4.513192519572321e-24
3113.992; 4.48021542770462e-24
3114.474; 4.453898503720292e-24
3114.956; 4.435183280019816e-24
3115.438; 4.423406526536886e-24
3115.92; 4.418330860645115e-24
3116.402; 4.3921575628414695e-24
3116.885; 4.434946355675179e-24
3117.367; 4.4127834061255955e-24
3117.849; 4.4160571720246704e-24
3118.331; 4.4171025066614674e-24
3118.813; 4.415319607470084e-24
3119.295; 4.408919196203167e-24
3119.777; 4.3964365057609164e-24
3120.259; 4.37843553547818e-24
3120.741; 4.329519535359529e-24
3121.224; 4.344334304605251e-24
3121.706; 4.293461009662601e-24
3122.188; 4.272754962121465e-24
3122.67; 4.258640793745573e-24
3123.152; 4.253074695752473e-24
3123.634; 4.254833148405387e-24
3124.116; 4.2618581511655034e-24
3124.598; 4.2439587063928334e-24
3125.081; 4.289800259809197e-24
3125.563; 4.264545344197438e-24
3126.045; 4.260357949546719e-24
3126.527; 4.252467581344128e-24
3127.009; 4.2440727758861045e-24
3127.491; 4.236851466476764e-24
3127.973; 4.232045737074622e-24
3128.455; 4.201021685105691e-24
3128.938; 4.2619662745392126e-24
3129.419; 4.159775485679544e-24
3129.902; 4.212615013679375e-24
3130.384; 4.167388883908101e-24
3130.866; 4.1457105499915714e-24
3131.348; 4.122238484618475e-24
3131.83; 4.100425152089645e-24
3132.312; 4.0823456140544465e-24
3132.794; 4.069916946262763e-24
3133.276; 4.036046396402036e-24
3133.759; 4.0716685401964426e-24
3134.241; 4.040237221468714e-24
3134.723; 4.031939846178811e-24
3135.205; 4.018236989758313e-24
3135.687; 3.9992436444322124e-24
3136.169; 3.975190632913539e-24
3136.651; 3.9473784030421346e-24
3137.133; 3.9188921331490536e-24
3137.615; 3.865407709809351e-24
3138.098; 3.881486667770316e-24
3138.58; 3.834450307148925e-24
3139.062; 3.817274004484156e-24
3139.544; 3.802858235920513e-24
3140.026; 3.7909256867448524e-24
3140.508; 3.779666739193153e-24
3140.99; 3.7679854280677625e-24
3141.472; 3.727395283275017e-24
3141.955; 3.7490744651691615e-24
3142.437; 3.699105075238817e-24
3142.919; 3.67108955572002e-24
3143.401; 3.640835859330953e-24
3143.883; 3.6124041833367125e-24
3144.365; 3.588797492496955e-24
3144.847; 3.573013559120686e-24
3145.329; 3.538465526604136e-24
3145.812; 3.603510346688822e-24
3146.293; 3.515560584394427e-24
3146.776; 3.588718874595403e-24
3147.258; 3.569910096178725e-24
3147.74; 3.576534896579969e-24
3148.222; 3.580095689709089e-24
3148.704; 3.580796869409908e-24
3149.186; 3.578023046377965e-24
3149.668; 3.571850125502635e-24
3150.15; 3.534550163628852e-24
3150.633; 3.557538530192394e-24
3151.115; 3.507014308120819e-24
3151.597; 3.47671191781122e-24
3152.079; 3.442963974474751e-24
3152.561; 3.410577658486609e-24
3153.043; 3.383195248295992e-24
3153.525; 3.363996040632698e-24
3154.007; 3.32663479747887e-24
3154.49; 3.3606019430913786e-24
3154.972; 3.329606802049638e-24
3155.454; 3.3217483789819134e-24
3155.936; 3.3082616942676547e-24
3156.418; 3.289722208165627e-24
3156.9; 3.26760183841232e-24
3157.382; 3.2445397961621754e-24
3157.864; 3.224208235794991e-24
3158.346; 3.1819559978204673e-24
3158.829; 3.2090582609459318e-24
3159.311; 3.1719935022316512e-24
3159.793; 3.1602165594185066e-24
3160.275; 3.146159441544316e-24
3160.757; 3.130709733776449e-24
3161.239; 3.1150753162394685e-24
3161.721; 3.1020786760460155e-24
3162.203; 3.06719848267285e-24
3162.686; 3.101680158420479e-24
3163.168; 3.073048399293917e-24
3163.65; 3.069962678676887e-24
3164.132; 3.0637630093037687e-24
3164.614; 3.0535189355878765e-24
3165.096; 3.0386932227366038e-24
3165.578; 3.0204237265752734e-24
3166.06; 3.0021074224558254e-24
3166.542; 2.9603246586860658e-24
3167.025; 2.9875196644350584e-24
3167.507; 2.9525704336550125e-24
3167.989; 2.9445934948306463e-24
3168.471; 2.9348340165527707e-24
3168.953; 2.921517390588341e-24
3169.435; 2.9029626893262936e-24
3169.917; 2.8801928822414228e-24
3170.399; 2.8291234040803886e-24
3170.882; 2.8429909723840182e-24
3171.364; 2.794362548801856e-24
3171.846; 2.7753043605702443e-24
3172.328; 2.7598512661708848e-24
3172.81; 2.746789710908553e-24
3173.292; 2.7324569289792993e-24
3173.774; 2.713841440671048e-24
3174.256; 2.6624877180286177e-24
3174.739; 2.6674290792347357e-24
3175.221; 2.602141211175577e-24
3175.703; 2.560874016334396e-24
3176.185; 2.5240524829760135e-24
3176.667; 2.4979315361745505e-24
3177.149; 2.485422279494823e-24
3177.631; 2.48625372385947e-24
3178.113; 2.4980038605117644e-24
3178.595; 2.4898617221639857e-24
3179.078; 2.543058839463315e-24
3179.56; 2.5250477716650674e-24
3180.042; 2.520706100729387e-24
3180.524; 2.5049635448531595e-24
3181.006; 2.4818534075053513e-24
3181.488; 2.456147779737368e-24
3181.97; 2.4335247259307447e-24
3182.452; 2.392159902952455e-24
3182.935; 2.420334601005617e-24
3183.417; 2.390408215522894e-24
3183.899; 2.3867887291496923e-24
3184.381; 2.3809317227847623e-24
3184.863; 2.370843301320662e-24
3185.345; 2.3549110727145003e-24
3185.827; 2.333932218749983e-24
3186.309; 2.283397334579648e-24
3186.792; 2.3181298620721854e-24
3187.273; 2.203988317956127e-24
3187.756; 2.240996048054612e-24
3188.238; 2.1954785576522333e-24
3188.72; 2.1802529314707916e-24
3189.202; 2.1704426529876878e-24
3189.684; 2.167286654145931e-24
3190.166; 2.1707394504297573e-24
3190.648; 2.1808825498749383e-24
3191.13; 2.1713147767776896e-24
3191.613; 2.2246691743636565e-24
3192.095; 2.213360180327427e-24
3192.577; 2.219540321852241e-24
3193.059; 2.2157698000187203e-24
3193.541; 2.201763021765329e-24
3194.023; 2.1782140571464814e-24
3194.505; 2.1476759565868298e-24
3194.987; 2.1149129216948384e-24
3195.469; 2.0595775393479942e-24
3195.952; 2.069884370246569e-24
3196.434; 2.024833259867564e-24
3196.916; 2.0092541349807375e-24
3197.398; 1.997286164175604e-24
3197.88; 1.9874032491879087e-24
3198.362; 1.9770492639206638e-24
3198.844; 1.9651459594915502e-24
3199.326; 1.926873053847652e-24
3199.809; 1.946270025455939e-24
3200.291; 1.904315369172585e-24
3200.773; 1.8868675051647483e-24
3201.255; 1.872292367836272e-24
3201.737; 1.863051361946044e-24
3202.219; 1.8594599575346994e-24
3202.701; 1.861203138925564e-24
3203.183; 1.8413573422417177e-24
3203.666; 1.9047205265483397e-24
3204.147; 1.821467055473439e-24
3204.63; 1.8756692065312336e-24
3205.112; 1.8390602383058675e-24
3205.594; 1.8190605667886506e-24
3206.076; 1.7915667216302818e-24
3206.558; 1.75903412338229e-24
3207.04; 1.7238688021819305e-24
3207.522; 1.6897078648356665e-24
3208.004; 1.6361709232343567e-24
3208.487; 1.645734443436377e-24
3208.969; 1.6037378628129691e-24
3209.451; 1.5904873706385317e-24
3209.933; 1.582006066405826e-24
3210.415; 1.5771990002708902e-24
3210.897; 1.57363581017095e-24
3211.379; 1.569836719313659e-24
3211.861; 1.54158892181159e-24
3212.344; 1.5672858726574803e-24
3212.826; 1.5336301468096236e-24
3213.308; 1.5209936326443883e-24
3213.79; 1.5083414741928445e-24
3214.272; 1.4975398265979777e-24
3214.754; 1.4885301898958264e-24
3215.236; 1.48022118754053e-24
3215.718; 1.4717449214971315e-24
3216.2; 1.43901810476307e-24
3216.683; 1.4581464264841463e-24
3217.165; 1.4165590480467693e-24
3217.647; 1.392195791728174e-24
3218.129; 1.3642953828400723e-24
3218.611; 1.3358412577658361e-24
3219.093; 1.3093001697269753e-24
3219.575; 1.287782729487987e-24
3220.057; 1.251888933251442e-24
3220.54; 1.2763648971176864e-24
3221.022; 1.2543978552531678e-24
3221.504; 1.2587749980589462e-24
3221.986; 1.2663711695396876e-24
3222.468; 1.2755539825281931e-24
3222.95; 1.2838187354592511e-24
3223.432; 1.2891534267228197e-24
3223.914; 1.291250688570477e-24
3224.396; 1.2684992030484248e-24
3224.879; 1.2958280174387302e-24
3225.361; 1.266083621754079e-24
3225.843; 1.2545050846297014e-24
3226.325; 1.2402225463312962e-24
3226.807; 1.2246015867838298e-24
3227.289; 1.208460478213569e-24
3227.771; 1.1937424749355492e-24
3228.253; 1.1610410652553437e-24
3228.736; 1.1843268513576078e-24
3229.218; 1.1595092184761406e-24
3229.7; 1.1592701575328189e-24
3230.182; 1.1618207581319464e-24
3230.664; 1.1661933048687549e-24
3231.146; 1.1702667710993556e-24
3231.628; 1.1728021122961876e-24
3232.11; 1.1514554356347958e-24
3232.593; 1.1783075481285699e-24
3233.075; 1.1480772961561505e-24
3233.557; 1.1340869848437494e-24
3234.039; 1.116088775586031e-24
3234.521; 1.0955750454282337e-24
3235.003; 1.073285216625805e-24
3235.485; 1.05021259247866e-24
3235.967; 1.0285136462298847e-24
3236.449; 9.89938822612153e-25
3236.932; 1.0052138833725531e-24
3237.414; 9.754835415087258e-25
3237.896; 9.703066250477249e-25
3238.378; 9.695941003135986e-25
3238.86; 9.73207434783182e-25
3239.342; 9.798602465146468e-25
3239.824; 9.887241242481093e-25
3240.306; 9.782502758141852e-25
3240.789; 1.015778115506498e-24
3241.271; 9.991843742089165e-25
3241.753; 9.963111154205796e-25
3242.235; 9.861411785632286e-25
3242.717; 9.693254686125895e-25
3243.199; 9.469112381851634e-25
3243.681; 9.215602535249798e-25
3244.163; 8.757369566602932e-25
3244.646; 8.986450474411699e-25
3245.127; 8.096227731602692e-25
3245.61; 8.368288304699997e-25
3246.092; 8.005864386527815e-25
3246.574; 7.847938123637541e-25
3247.056; 7.696896456423781e-25
3247.538; 7.564943278505433e-25
3248.02; 7.466163530288132e-25
3248.502; 7.4224461186595835e-25
3248.984; 7.26251230632849e-25
3249.467; 7.601898097574408e-25
3249.949; 7.511644248224522e-25
3250.431; 7.58174024344315e-25
3250.913; 7.593848343651601e-25
3251.395; 7.528134481720975e-25
3251.877; 7.378529459004767e-25
3252.359; 7.16161196635019e-25
3252.841; 6.916265633667738e-25
3253.323; 6.503938432345048e-25
3253.806; 6.551368705091023e-25
3254.288; 6.201533428961565e-25
3254.77; 6.049206702055757e-25
3255.252; 5.9120399488817895e-25
3255.734; 5.78507518078233e-25
3256.216; 5.662030893445642e-25
3256.698; 5.5486042715881875e-25
3257.18; 5.288823404900019e-25
3257.663; 5.441504581670599e-25
3258.145; 5.205389475681043e-25
3258.627; 5.133880480274389e-25
3259.109; 5.0654291187248875e-25
3259.591; 5.005202111285328e-25
3260.073; 4.955335516534326e-25
3260.555; 4.924808525262812e-25
3261.037; 4.757551031902607e-25
3261.52; 5.14781146328624e-25
3262.001; 4.620242547417619e-25
3262.484; 5.006427511272824e-25
3262.966; 4.827875941028558e-25
3263.448; 4.762160103979522e-25
3263.93; 4.640638639126559e-25
3264.412; 4.472131946583788e-25
3264.894; 4.271740693363247e-25
3265.376; 4.0661639194159793e-25
3265.858; 3.737035276146396e-25
3266.341; 3.783577997915143e-25
3266.823; 3.517320815613409e-25
3267.305; 3.419851490385114e-25
3267.787; 3.3513320571631275e-25
3268.269; 3.312804866357805e-25
3268.751; 3.300339185058386e-25
3269.233; 3.314696096169386e-25
3269.715; 3.2202076534942396e-25
3270.198; 3.4645034997637066e-25
3270.68; 3.374230332394566e-25
3271.162; 3.3958151897863614e-25
3271.644; 3.383963717486991e-25
3272.126; 3.335354420145064e-25
3272.608; 3.249786658161052e-25
3273.09; 3.137238935129654e-25
3273.572; 3.0210968586083706e-25
3274.054; 2.7989725454121523e-25
3274.537; 2.9201678672831763e-25
3275.019; 2.7699584670864627e-25
3275.501; 2.7761071853156464e-25
3275.983; 2.7995529839333125e-25
3276.465; 2.8205036509791723e-25
3276.947; 2.8123539751578263e-25
3277.429; 2.7594888148316236e-25
3277.911; 2.536450566918154e-25
3278.394; 2.5700228539982147e-25
3278.876; 2.2880247915983847e-25
3279.358; 2.1294461985380685e-25
3279.84; 1.9988314111157533e-25
3280.322; 1.9092987933661364e-25
3280.804; 1.854759034634353e-25
3281.286; 1.8169719834081916e-25
3281.768; 1.7754892392551683e-25
3282.25; 1.6102219803572026e-25
3282.733; 1.6506736423574875e-25
3283.215; 1.413795251456421e-25
3283.697; 1.2564763580998487e-25
3284.179; 1.1095174193183808e-25
3284.661; 9.992897933278913e-26
3285.143; 9.388114769499427e-26
3285.625; 9.32650223500477e-26
3286.107; 8.977763729673486e-26
3286.59; 1.0810074434219734e-25
3287.072; 1.071416135458078e-25
3287.554; 1.1176538097943401e-25
3288.036; 1.1242444196697899e-25
3288.518; 1.0911299113477283e-25
3289.0; 1.0288357226548779e-25
3289.482; 9.582976785228994e-26
3289.964; 8.242825459863536e-26
3290.447; 8.911446321388248e-26
3290.929; 7.966150210555352e-26
3291.411; 7.887287949933796e-26
3291.893; 7.865521286226839e-26
3292.375; 7.827346668725129e-26
3292.857; 7.690232670057246e-26
3293.339; 7.413439778892986e-26
3293.821; 7.02723607711916e-26
3294.303; 5.933022654393893e-26
3294.786; 6.35120493531211e-26
3295.268; 5.1681606749581226e-26
3295.75; 4.5572200853964184e-26
3296.232; 3.9185432054330835e-26
3296.714; 3.297591352811215e-26
3297.196; 2.7269088595484836e-26
3297.678; 2.252073978896923e-26
3298.16; 1.550218597671231e-26
3298.643; 1.7995170753026706e-26
3299.125; 1.3023831900820073e-26
3299.607; 1.1921766623922063e-26
3300.089; 1.1211571549131297e-26
3300.571; 1.0857403484290752e-26
3301.053; 1.0782198749165621e-26
3301.535; 1.1051714707338102e-26
3302.017; 8.926094835262804e-27
3302.5; 1.698183245403635e-26
3302.981; 7.808472224452193e-27
3303.464; 1.5330793884705472e-26
3303.946; 1.254419884133466e-26
3304.428; 1.2355709208793012e-26
3304.91; 1.1648603914250641e-26
3305.392; 1.0711176317911123e-26
3305.874; 9.776525782627353e-27
3306.356; 9.085710962382543e-27
3306.838; 6.3586951837989e-27
3307.321; 9.442545725029812e-27
3307.803; 6.42597796267977e-27
3308.285; 5.36188066024919e-27
3308.767; 3.9133169073956726e-27
3309.249; 2.3823773373192355e-27
3309.731; 1.0776265141194472e-27
3310.213; 2.4946647011469237e-28
3310.695; 4.333543598284586e-31
3311.177; 8.593919772650755e-28
3311.66; 5.11932546881628e-28
3312.142; 2.352719482066045e-27
3312.624; 3.516137561397371e-27
3313.106; 4.614679581700178e-27
3313.588; 5.3882806499707064e-27
3314.07; 5.751940106981401e-27
3314.552; 5.753046127267635e-27
3315.034; 7.952899951397426e-27
3315.517; 4.9436126029434495e-27
3315.999; 8.124823605484288e-27
3316.481; 1.0228385051344818e-26
3316.963; 1.337125534943784e-26
3317.445; 1.702531703853765e-26
3317.927; 2.0407932400652458e-26
3318.409; 2.2648011107383736e-26
3318.891; 2.818701330768714e-26
3319.374; 1.7790249020773447e-26
3319.855; 3.341003039603459e-26
3320.338; 2.24604985167301e-26
3320.82; 2.8650660092523625e-26
3321.302; 3.133535058003271e-26
3321.784; 3.469588915877003e-26
3322.266; 3.8088380638512284e-26
3322.748; 4.1345460981811125e-26
3323.23; 4.46712173773722e-26
3323.712; 5.554922922703719e-26
3324.195; 5.227005679176275e-26
3324.677; 6.925947157201138e-26
3325.159; 8.309628410189511e-26
3325.641; 9.929391342280491e-26
3326.123; 1.1495872873561607e-25
3326.605; 1.2708284873727543e-25
3327.087; 1.3327583063911453e-25
3327.569; 1.4446664731917813e-25
3328.052; 1.2454180156911414e-25
3328.534; 1.3033299859333093e-25
3329.016; 1.2709038575728788e-25
3329.498; 1.2686458798201278e-25
3329.98; 1.2991282976079762e-25
3330.462; 1.3637639213414424e-25
3330.944; 1.4620287906508e-25
3331.426; 1.589002665487281e-25
3331.908; 1.8718845375598923e-25
3332.391; 1.8627754911683112e-25
3332.873; 2.210542042137217e-25
3333.355; 2.445110515981195e-25
3333.837; 2.681144286946276e-25
3334.319; 2.8931432343696087e-25
3334.801; 3.065759162912977e-25
3335.283; 3.187546374662534e-25
3335.765; 3.443313296892416e-25
3336.248; 3.225290914008994e-25
3336.73; 3.447760572560118e-25
3337.212; 3.50550453313095e-25
3337.694; 3.5878735680283115e-25
3338.176; 3.696575864423571e-25
3338.658; 3.8376816829154975e-25
3339.14; 4.0126222087955868e-25
3339.622; 4.207084359944844e-25
3340.104; 4.616057930379754e-25
3340.587; 4.477870412068725e-25
3341.069; 4.838630929092734e-25
3341.551; 4.939127841875408e-25
3342.033; 4.995155957218307e-25
3342.515; 5.0193081763890475e-25
3342.997; 5.044629241025762e-25
3343.479; 5.096364752311525e-25
3343.961; 5.430193603418061e-25
3344.444; 5.238637865227059e-25
3344.926; 5.688655107090827e-25
3345.408; 5.945628427395584e-25
3345.89; 6.23035300593196e-25
3346.372; 6.533054341862862e-25
3346.854; 6.865822323750277e-25
3347.336; 7.231572095228422e-25
3347.818; 7.916026125538657e-25
3348.301; 7.865409710014178e-25
3348.783; 8.483028575697962e-25
3349.265; 8.648984884977112e-25
3349.747; 8.591299734291858e-25
3350.229; 8.289912368841509e-25
3350.711; 7.810873688357388e-25
3351.193; 7.272758445958311e-25
3351.675; 6.794799668267483e-25
3352.157; 6.748928788763929e-25
3352.64; 6.271678824983917e-25
3353.122; 6.71319995624697e-25
3353.604; 7.133665231282313e-25
3354.086; 7.73230677003598e-25
3354.568; 8.406584917126513e-25
3355.05; 9.052929958150883e-25
3355.532; 9.570006628941926e-25
3356.014; 1.024682495085387e-24
3356.497; 9.887322813875377e-25
3356.979; 1.0251019928506294e-24
3357.461; 1.0215195714775897e-24
3357.943; 1.0202861883645144e-24
3358.425; 1.0278514173058077e-24
3358.907; 1.0501749728900795e-24
3359.389; 1.0891955211213645e-24
3359.871; 1.1835311839341821e-24
3360.354; 1.1583984147923471e-24
3360.835; 1.3738531060142563e-24
3361.318; 1.3481593789983059e-24
3361.8; 1.4624181963871124e-24
3362.282; 1.5281487014608333e-24
3362.764; 1.589813694657202e-24
3363.246; 1.647978992095666e-24
3363.728; 1.702808015188175e-24
3364.21; 1.7493604277783085e-24
3364.692; 1.8304119882533175e-24
3365.175; 1.7701823189552743e-24
3365.657; 1.8108726821480038e-24
3366.139; 1.785973838683185e-24
3366.621; 1.752770491021039e-24
3367.103; 1.7215936151791997e-24
3367.585; 1.7044439470856356e-24
3368.067; 1.709625658622138e-24
3368.549; 1.7378672719567198e-24
3369.031; 1.8351592248088732e-24
3369.514; 1.8216073447904092e-24
3369.996; 1.937843351914036e-24
3370.478; 2.0018790501954973e-24
3370.96; 2.0588768215441092e-24
3371.442; 2.1059621954735212e-24
3371.924; 2.1451592414297924e-24
3372.406; 2.1776828057916595e-24
3372.888; 2.2623339109251038e-24
3373.371; 2.2051209031105493e-24
3373.853; 2.28816170151449e-24
3374.335; 2.3148144826532594e-24
3374.817; 2.3399186025223504e-24
3375.299; 2.3609956742395124e-24
3375.781; 2.379214773825631e-24
3376.263; 2.3954644543570946e-24
3376.745; 2.4757241063201603e-24
3377.228; 2.3554703360842676e-24
3377.709; 2.6071269570851344e-24
3378.192; 2.5087198745596907e-24
3378.674; 2.6413106865820734e-24
3379.156; 2.7260282694775024e-24
3379.638; 2.8232501185540096e-24
3380.12; 2.926254133083567e-24
3380.602; 3.0301760387305603e-24
3381.084; 3.1283889027029403e-24
3381.566; 3.2896719882372156e-24
3382.049; 3.2623567426408714e-24
3382.531; 3.4065741506173966e-24
3383.013; 3.4675997143370156e-24
3383.495; 3.5132197606891986e-24
3383.977; 3.536108575704663e-24
3384.459; 3.5338773494502156e-24
3384.941; 3.505719467882122e-24
3385.423; 3.533623662299907e-24
3385.906; 3.368117893359837e-24
3386.388; 3.395901731361259e-24
3386.87; 3.3693135817442536e-24
3387.352; 3.367943433278589e-24
3387.834; 3.390030384942554e-24
3388.316; 3.4325981755009656e-24
3388.798; 3.490383109380753e-24
3389.28; 3.555247520105816e-24
3389.762; 3.7025712600784975e-24
3390.245; 3.6607844965180366e-24
3390.727; 3.82946942983757e-24
3391.209; 3.9409249598168345e-24
3391.691; 4.079011706677752e-24
3392.173; 4.242002794665822e-24
3392.655; 4.425428792596912e-24
3393.137; 4.615264765858692e-24
3393.619; 4.8895881439663625e-24
3394.102; 4.9039341618362224e-24
3394.584; 5.119699098804013e-24
3395.066; 5.199255070256047e-24
3395.548; 5.240721324859187e-24
3396.03; 5.251960105551383e-24
3396.512; 5.24958352964173e-24
3396.994; 5.249580619576591e-24
3397.476; 5.258565091068565e-24
3397.958; 5.378917728721118e-24
3398.441; 5.258676210757423e-24
3398.923; 5.392149298297274e-24
3399.405; 5.425135329844688e-24
3399.887; 5.455464925736908e-24
3400.369; 5.4842634287517036e-24
3400.851; 5.521351107356965e-24
3401.333; 5.573636207168685e-24
3401.815; 5.75329023701351e-24
3402.298; 5.694080885532682e-24
3402.78; 5.921079431840684e-24
3403.262; 6.056751759511395e-24
3403.744; 6.1987650191838904e-24
3404.226; 6.340205909887659e-24
3404.708; 6.484682293564271e-24
3405.19; 6.635721232303811e-24
3405.672; 6.919841874977994e-24
3406.155; 6.921951109045277e-24
3406.637; 7.240882979895587e-24
3407.119; 7.44385211025812e-24
3407.601; 7.638096007666626e-24
3408.083; 7.809472568176052e-24
3408.565; 7.956694505195008e-24
3409.047; 8.085203276493598e-24
3409.529; 8.196932494053217e-24
3410.011; 8.431232743675645e-24
3410.494; 8.311068211140017e-24
3410.976; 8.513779837283736e-24
3411.458; 8.556250805194569e-24
3411.94; 8.572880238071568e-24
3412.422; 8.567750862521103e-24
3412.904; 8.560886238769839e-24
3413.386; 8.572726241066346e-24
3413.868; 8.766571321115249e-24
3414.351; 8.664667322922148e-24
3414.833; 8.973209757024515e-24
3415.315; 9.183147702026024e-24
3415.797; 9.407797250124776e-24
3416.279; 9.612284966566848e-24
3416.761; 9.774269848638542e-24
3417.243; 9.879481487507454e-24
3417.725; 1.0093212946430083e-23
3418.208; 9.73565024984539e-24
3418.689; 1.0293970695461539e-23
3419.172; 9.935479798703486e-24
3419.654; 1.0157455942038284e-23
3420.136; 1.0275257797778655e-23
3420.618; 1.0459866769887692e-23
3421.1; 1.0708610537749804e-23
3421.582; 1.1015284623093646e-23
3422.064; 1.1359330553245492e-23
3422.546; 1.189437007484725e-23
3423.029; 1.1988807708103791e-23
3423.511; 1.2502505014569976e-23
3423.993; 1.2798387769647722e-23
3424.475; 1.3034537841959932e-23
3424.957; 1.3188652666719707e-23
3425.439; 1.3251171537289327e-23
3425.921; 1.3220517574339284e-23
3426.403; 1.3098775231678606e-23
3426.885; 1.309320652353284e-23
3427.368; 1.2596857824116358e-23
3427.85; 1.2574992999748119e-23
3428.332; 1.2432221459364733e-23
3428.814; 1.2378612496567e-23
3429.296; 1.2418612681829537e-23
3429.778; 1.2544190387613479e-23
3430.26; 1.2725579189955627e-23
3430.742; 1.312018449806686e-23
3431.225; 1.305159225787099e-23
3431.707; 1.3450560329118214e-23
3432.189; 1.3665258112248018e-23
3432.671; 1.389700388719942e-23
3433.153; 1.415452838737819e-23
3433.635; 1.4447732828510638e-23
3434.117; 1.47681744208964e-23
3434.599; 1.531879245652989e-23
3435.082; 1.513058642449759e-23
3435.563; 1.6189032822338898e-23
3436.046; 1.5916301734974652e-23
3436.528; 1.6360567623273044e-23
3437.01; 1.654958370138322e-23
3437.492; 1.672452845328202e-23
3437.974; 1.6894481004242943e-23
3438.456; 1.7070601456994726e-23
3438.938; 1.724708054968569e-23
3439.42; 1.7647177317062106e-23
3439.903; 1.7455555232387722e-23
3440.385; 1.7814072944972967e-23
3440.867; 1.7906126732248004e-23
3441.349; 1.7957833214004923e-23
3441.831; 1.797123133239126e-23
3442.313; 1.7972459938447614e-23
3442.795; 1.7988823492465876e-23
3443.277; 1.829096140401267e-23
3443.76; 1.807387330851946e-23
3444.242; 1.8521392433378523e-23
3444.724; 1.87720749893024e-23
3445.206; 1.900579471689426e-23
3445.688; 1.915690584064926e-23
3446.17; 1.9194105785658916e-23
3446.652; 1.912766752646013e-23
3447.134; 1.9000449490257912e-23
3447.616; 1.9135262631714447e-23
3448.099; 1.8759961859986572e-23
3448.581; 1.9157078309280542e-23
3449.063; 1.9489552554113954e-23
3449.545; 1.9966493068238472e-23
3450.027; 2.0510578684639942e-23
3450.509; 2.1044383703028225e-23
3450.991; 2.1500399888106146e-23
3451.473; 2.213378579619195e-23
3451.956; 2.201843155633054e-23
3452.438; 2.2582614060992594e-23
3452.92; 2.2923610101260462e-23
3453.402; 2.334523456668682e-23
3453.884; 2.383156027315821e-23
3454.366; 2.434283214509892e-23
3454.848; 2.480692524818088e-23
3455.33; 2.5460301515556683e-23
3455.813; 2.520951110597804e-23
3456.295; 2.5548957586007308e-23
3456.777; 2.544508854199923e-23
3457.259; 2.5242822719155763e-23
3457.741; 2.4997944050369383e-23
3458.223; 2.4791141780244707e-23
3458.705; 2.470320062181456e-23
3459.187; 2.478889309844682e-23
3459.669; 2.5388180194356323e-23
3460.152; 2.5446194658461948e-23
3460.634; 2.6446848554455948e-23
3461.116; 2.724585492523521e-23
3461.598; 2.8047763821523744e-23
3462.08; 2.8751128790596265e-23
3462.562; 2.930716270965403e-23
3463.044; 2.971099304652591e-23
3463.526; 3.036286225265776e-23
3464.009; 3.0146929848796587e-23
3464.491; 3.086756431027889e-23
3464.973; 3.136305302207372e-23
3465.455; 3.197137276356399e-23
3465.937; 3.2635563737723876e-23
3466.419; 3.3297080957672827e-23
3466.901; 3.390725405317852e-23
3467.383; 3.443121804594177e-23
3467.865; 3.526380400431882e-23
3468.348; 3.511255273991372e-23
3468.83; 3.594647192019912e-23
3469.312; 3.645948619765555e-23
3469.794; 3.7038024038292566e-23
3470.276; 3.7642265685319614e-23
3470.758; 3.822547326927248e-23
3471.24; 3.871693500065523e-23
3471.722; 3.947464429779583e-23
3472.205; 3.9034910605753856e-23
3472.687; 3.944829918777076e-23
3473.169; 3.930243680827489e-23
3473.651; 3.905354912665322e-23
3474.133; 3.875973180959856e-23
3474.615; 3.850980613509016e-23
3475.097; 3.8376200390240125e-23
3475.579; 3.884053378158186e-23
3476.062; 3.808120414449446e-23
3476.543; 3.9930891810644287e-23
3477.026; 3.936913033641627e-23
3477.508; 4.0205234061276227e-23
3477.99; 4.0444464698613107e-23
3478.472; 4.044053076565282e-23
3478.954; 4.015936875723594e-23
3479.436; 3.963601944974719e-23
3479.918; 3.8926100921298726e-23
3480.4; 3.8516040263296174e-23
3480.883; 3.7067885146343425e-23
3481.365; 3.665953136884559e-23
3481.847; 3.593224846716309e-23
3482.329; 3.530953990804104e-23
3482.811; 3.4800231517154504e-23
3483.293; 3.4424580599888316e-23
3483.775; 3.417789017139921e-23
3484.257; 3.443874346966843e-23
3484.74; 3.3804343954221364e-23
3485.222; 3.417805768949968e-23
3485.704; 3.411940398719174e-23
3486.186; 3.39570765256562e-23
3486.668; 3.365073588617272e-23
3487.15; 3.3222272618745566e-23
3487.632; 3.2729219883153806e-23
3488.114; 3.222323644045034e-23
3488.596; 3.214884698841109e-23
3489.079; 3.113323047571044e-23
3489.561; 3.113701261851655e-23
3490.043; 3.0718190136660773e-23
3490.525; 3.0203372752244894e-23
3491.007; 2.9534710237957606e-23
3491.489; 2.87105438546793e-23
3491.971; 2.775575183616206e-23
3492.453; 2.711879422381293e-23
3492.936; 2.517007216381011e-23
3493.417; 2.5446680279730923e-23
3493.9; 2.3580263310176615e-23
3494.382; 2.300578252382544e-23
3494.864; 2.211258270033523e-23
3495.346; 2.1278338182734917e-23
3495.828; 2.0518365765428987e-23
3496.31; 1.986546596275939e-23
3496.792; 1.9334856419631078e-23
3497.274; 1.9259568154046748e-23
3497.757; 1.8517171502894307e-23
3498.239; 1.8696305180114042e-23
3498.721; 1.867105763176284e-23
3499.203; 1.8747420707116842e-23
3499.685; 1.8919091067036525e-23
3500.167; 1.920575726208041e-23
3500.649; 1.961917220855646e-23
3501.131; 2.052175338170205e-23
3501.614; 2.0691633758381304e-23
3502.096; 2.1863971909605543e-23
3502.578; 2.2757673322461847e-23
3503.06; 2.3670454409879776e-23
3503.542; 2.4543191332809197e-23
3504.024; 2.5355756587745797e-23
3504.506; 2.6112319563106898e-23
3504.988; 2.681400534896846e-23
3505.47; 2.7914906643762465e-23
3505.953; 2.7900319204057153e-23
3506.435; 2.897783321468938e-23
3506.917; 2.960691633825929e-23
3507.399; 3.0223408420800714e-23
3507.881; 3.0812477654184843e-23
3508.363; 3.13838599437441e-23
3508.845; 3.19328904122696e-23
3509.327; 3.295397295869195e-23
3509.81; 3.275415970872098e-23
3510.292; 3.378028524149877e-23
3510.774; 3.432956085284567e-23
3511.256; 3.4898343569150536e-23
3511.738; 3.548971306355426e-23
3512.22; 3.613147788313405e-23
3512.702; 3.682150701677165e-23
3513.184; 3.808638890537524e-23
3513.667; 3.798958378591804e-23
3514.149; 3.916775916794005e-23
3514.631; 3.962690535034752e-23
3515.113; 3.983791393360962e-23
3515.595; 3.9770593381841493e-23
3516.077; 3.9496593764183506e-23
3516.559; 3.915399781833864e-23
3517.041; 3.8890847137800926e-23
3517.523; 3.941897667221511e-23
3518.006; 3.892602175493589e-23
3518.488; 4.0242039132649566e-23
3518.97; 4.140294087333923e-23
3519.452; 4.285047466713896e-23
3519.934; 4.4396598567473916e-23
3520.416; 4.585431904675579e-23
3520.898; 4.7035072733209027e-23
3521.38; 4.8474724198468815e-23
3521.863; 4.791214292960911e-23
3522.345; 4.8646378230277684e-23
3522.827; 4.8572015079469164e-23
3523.309; 4.8505735406567005e-23
3523.791; 4.8597383169842573e-23
3524.273; 4.898258692707666e-23
3524.755; 4.972328317431382e-23
3525.237; 5.0762892960948736e-23
3525.719; 5.266700430022935e-23
3526.202; 5.287371543466441e-23
3526.684; 5.466488957895437e-23
3527.166; 5.54991840583282e-23
3527.648; 5.601521570823478e-23
3528.13; 5.622041619040091e-23
3528.612; 5.621230259355389e-23
3529.094; 5.608660330501932e-23
3529.576; 5.667072325639532e-23
3530.059; 5.553857824326522e-23
3530.541; 5.63365901495948e-23
3531.023; 5.657983035341284e-23
3531.505; 5.697653814771263e-23
3531.987; 5.748606601302532e-23
3532.469; 5.808543012675094e-23
3532.951; 5.871037881209785e-23
3533.433; 6.008484898500581e-23
3533.916; 5.872322705402119e-23
3534.397; 6.176722538913089e-23
3534.88; 6.007395177115846e-23
3535.362; 6.098571321702853e-23
3535.844; 6.120280996283949e-23
3536.326; 6.173434402895421e-23
3536.808; 6.278234279182031e-23
3537.29; 6.452487424776188e-23
3537.772; 6.700461176926311e-23
3538.254; 7.1008075546099e-23
3538.737; 7.328818156149235e-23
3539.219; 7.786703513690135e-23
3539.701; 8.123087966085125e-23
3540.183; 8.386809764019632e-23
3540.665; 8.548093521434432e-23
3541.147; 8.600699395378472e-23
3541.629; 8.555107204841407e-23
3542.111; 8.536317566763856e-23
3542.594; 8.246065590368333e-23
3543.076; 8.197463001067728e-23
3543.558; 8.084324558632178e-23
3544.04; 8.012435626729897e-23
3544.522; 7.977509694438354e-23
3545.004; 7.970003454583305e-23
3545.486; 7.976830664129167e-23
3545.968; 7.98381917189261e-23
3546.45; 8.079811164986545e-23
3546.933; 7.949382281223257e-23
3547.415; 8.068056176317811e-23
3547.897; 8.128543666260446e-23
3548.379; 8.230885669159923e-23
3548.861; 8.371265427776994e-23
3549.343; 8.540393430037205e-23
3549.825; 8.71985051775506e-23
3550.307; 8.996875232128557e-23
3550.79; 8.908837212952253e-23
3551.271; 9.402931881583801e-23
3551.754; 9.267872660910147e-23
3552.236; 9.473936701747816e-23
3552.718; 9.562953347450823e-23
3553.2; 9.641354373618402e-23
3553.682; 9.704529440341571e-23
3554.164; 9.752401056626915e-23
3554.646; 9.785238561317592e-23
3555.128; 9.917028577844902e-23
3555.611; 9.795790153753811e-23
3556.093; 9.958937207464262e-23
3556.575; 1.0047247596530631e-22
3557.057; 1.0160690685436355e-22
3557.539; 1.0282758035084403e-22
3558.021; 1.039716469581153e-22
3558.503; 1.0486256149530726e-22
3558.985; 1.0652874761192188e-22
3559.468; 1.0521049391321322e-22
3559.95; 1.0648476211324311e-22
3560.432; 1.0668649289044088e-22
3560.914; 1.0700552668659987e-22
3561.396; 1.074694427042124e-22
3561.878; 1.0812127538297464e-22
3562.36; 1.0899329624535417e-22
3562.842; 1.1007332542378796e-22
3563.324; 1.125033412445641e-22
3563.807; 1.1236116768719547e-22
3564.289; 1.1520181424491678e-22
3564.771; 1.1691746631176893e-22
3565.253; 1.1835772530515816e-22
3565.735; 1.1919503265474104e-22
3566.217; 1.1922846928415279e-22
3566.699; 1.1837885772272707e-22
3567.181; 1.179086049391115e-22
3567.664; 1.1419412029834228e-22
3568.146; 1.1313839435278283e-22
3568.628; 1.1107607147444253e-22
3569.11; 1.0916615511432108e-22
3569.592; 1.0727229898812115e-22
3570.074; 1.0521013632699547e-22
3570.556; 1.0275714981364197e-22
3571.038; 1.0088930232708241e-22
3571.521; 9.587614145062293e-23
3572.003; 9.324151077644232e-23
3572.485; 8.943796689770148e-23
3572.967; 8.56872071542078e-23
3573.449; 8.206163347531936e-23
3573.931; 7.862335037648502e-23
3574.413; 7.540386347342751e-23
3574.895; 7.239467055067961e-23
3575.377; 7.06111847806583e-23
3575.86; 6.673355954421418e-23
3576.342; 6.562601860095434e-23
3576.824; 6.392647833213181e-23
3577.306; 6.244979495399957e-23
3577.788; 6.095068444189924e-23
3578.27; 5.918692189313579e-23
3578.752; 5.692437514459655e-23
3579.234; 5.492716093503409e-23
3579.717; 5.028129435623269e-23
3580.199; 4.738866872876038e-23
3580.681; 4.362662609514782e-23
3581.163; 4.00613018582092e-23
3581.645; 3.68585456566564e-23
3582.127; 3.4125909300664277e-23
3582.609; 3.188239678061438e-23
3583.091; 3.0061669228024606e-23
3583.573; 2.92213380459835e-23
3584.056; 2.71779538783626e-23
3584.538; 2.6996772238173065e-23
3585.02; 2.6621903012276744e-23
3585.502; 2.669941071971961e-23
3585.984; 2.723627325670868e-23
3586.466; 2.821007655723633e-23
3586.948; 2.950379593527875e-23
3587.43; 3.163057138048251e-23
3587.913; 3.2003868995045826e-23
3588.395; 3.3878551758583125e-23
3588.877; 3.471473885510217e-23
3589.359; 3.519193974778789e-23
3589.841; 3.537629345262141e-23
3590.323; 3.542345179445096e-23
3590.805; 3.5460073254488435e-23
3591.287; 3.6368178578651106e-23
3591.77; 3.472308845243434e-23
3592.251; 3.768292001574576e-23
3592.734; 3.596849835287482e-23
3593.216; 3.68140229469063e-23
3593.698; 3.67255699787461e-23
3594.18; 3.6558407824185353e-23
3594.662; 3.640510345151331e-23
3595.144; 3.640992959447418e-23
3595.626; 3.668997691666648e-23
3596.108; 3.8195559693104967e-23
3596.591; 3.823183054836066e-23
3597.073; 4.105404954367712e-23
3597.555; 4.393828769037274e-23
3598.037; 4.7787978319645293e-23
3598.519; 5.2515772085311225e-23
3599.001; 5.784765207265083e-23
3599.483; 6.321242291352747e-23
3599.965; 6.917189706410545e-23
3600.448; 7.068763623928098e-23
3600.93; 7.387907050986315e-23
3601.412; 7.445448959682802e-23
3601.894; 7.433210367933614e-23
3602.376; 7.428637163693961e-23
3602.858; 7.507007586490765e-23
3603.34; 7.713709995234141e-23
3603.822; 8.046020656673356e-23
3604.304; 8.615092117708704e-23
3604.787; 8.82422627279172e-23
3605.269; 9.380925647417022e-23
3605.751; 9.719957157728546e-23
3606.233; 1.0023294283105048e-22
3606.715; 1.0357555525472208e-22
3607.197; 1.0817059607795484e-22
3607.679; 1.1481785761106437e-22
3608.161; 1.2608736340250125e-22
3608.644; 1.3283653565076835e-22
3609.125; 1.5425895942902456e-22
3609.608; 1.6360980173773081e-22
3610.09; 1.8114664456744013e-22
3610.572; 1.9597875837332098e-22
3611.054; 2.1035505395847742e-22
3611.536; 2.242238656091377e-22
3612.018; 2.3761251152696366e-22
3612.5; 2.504057436440482e-22
3612.982; 2.651193106167793e-22
3613.465; 2.7348081061996827e-22
3613.947; 2.8816143640011505e-22
3614.429; 3.012864203945528e-22
3614.911; 3.1524456055690077e-22
3615.393; 3.290351770901236e-22
3615.875; 3.4071351397606863e-22
3616.357; 3.4782038570219274e-22
3616.839; 3.4806482289820163e-22
3617.322; 3.4200723060895018e-22
3617.804; 3.260853547107413e-22
3618.286; 3.0374381373337986e-22
3618.768; 2.7486861512984823e-22
3619.25; 2.4184397591749324e-22
3619.732; 2.0841785709049785e-22
3620.214; 1.7857687640419685e-22
3620.696; 1.550161849869385e-22
3621.178; 1.3564231871898172e-22
3621.661; 1.280500968398873e-22
3622.143; 1.1743758356663444e-22
3622.625; 1.100156952931595e-22
3623.107; 1.0124200803122061e-22
3623.589; 9.002244516432839e-23
3624.071; 7.642300789415603e-23
3624.553; 6.167869726944973e-23
3625.035; 4.6037294943009196e-23
3625.518; 3.541280356247882e-23
3626.0; 2.4253035139443994e-23
3626.482; 1.6585791024070833e-23
3626.964; 1.0992342003938489e-23
3627.446; 7.075626979352165e-24
3627.928; 4.4286173325511634e-24
3628.41; 2.713191743626985e-24
3628.892; 1.4836856423155546e-24
3629.375; 1.0350617415517128e-24
3629.857; 5.057161705716431e-25
3630.339; 2.313565297918793e-25
3630.821; 5.658474337782754e-26
3631.303; 9.696987102145303e-28
3631.785; 1.0387109766970241e-25
3632.267; 3.790932615196221e-25
3632.749; 7.811363952449344e-25
3633.231; 1.3288101974209803e-24
3633.714; 1.5812905245434404e-24
3634.196; 2.053810087531733e-24
3634.678; 2.375964071719735e-24
3635.16; 2.721426080510034e-24
3635.642; 3.154837945310815e-24
3636.124; 3.732478228786974e-24
3636.606; 4.471426358950365e-24
3637.088; 5.519660522603029e-24
3637.571; 6.207007366459384e-24
3638.053; 7.323151064380405e-24
3638.535; 8.159075029896521e-24
3639.017; 8.837251879698808e-24
3639.499; 9.332970888701781e-24
3639.981; 9.664941856703598e-24
3640.463; 9.874849767086357e-24
3640.945; 1.0004560576797467e-23
3641.427; 1.0289885088203483e-23
3641.91; 1.0096292554696623e-23
3642.392; 1.0404063078310238e-23
3642.874; 1.0542976637773242e-23
3643.356; 1.068899751533555e-23
3643.838; 1.080977554131121e-23
3644.32; 1.0876535292003397e-23
3644.802; 1.0856246924273529e-23
3645.284; 1.0915899000393353e-23
3645.767; 1.0403370916852409e-23
3646.249; 1.0251416723605097e-23
3646.731; 9.832882033699102e-24
3647.213; 9.355766270631047e-24
3647.695; 8.849915557606947e-24
3648.177; 8.363056784009155e-24
3648.659; 7.943797423003934e-24
3649.141; 7.813320918970681e-24
3649.624; 7.260175917318985e-24
3650.105; 7.856741144835682e-24
3650.588; 7.59149805518645e-24
3651.07; 7.995154396914057e-24
3651.552; 8.245231386270239e-24
3652.034; 8.449637739424633e-24
3652.516; 8.55268166513909e-24
3652.998; 8.532864759288317e-24
3653.48; 8.397384300332724e-24
3653.962; 8.360805373028405e-24
3654.445; 7.901815111391084e-24
3654.927; 7.92827597810111e-24
3655.409; 7.897305754566972e-24
3655.891; 7.979107327701459e-24
3656.373; 8.137838936929859e-24
3656.855; 8.324880257175034e-24
3657.337; 8.486041192973768e-24
3657.819; 8.760476418430302e-24
3658.302; 8.541074386925362e-24
3658.784; 8.69818002593954e-24
3659.266; 8.651422936953891e-24
3659.748; 8.591123699438508e-24
3660.23; 8.526503331535439e-24
3660.712; 8.469047805026712e-24
3661.194; 8.42699074528811e-24
3661.676; 8.401001340105519e-24
3662.158; 8.569282879678992e-24
3662.641; 8.349048767038683e-24
3663.123; 8.604696022182497e-24
3663.605; 8.746574182754135e-24
3664.087; 8.9386709628954e-24
3664.569; 9.157935470710814e-24
3665.051; 9.377780511342713e-24
3665.533; 9.559702143302262e-24
3666.015; 9.853809590984383e-24
3666.498; 9.444854131314696e-24
3666.979; 9.993672012041131e-24
3667.462; 9.427259525062843e-24
3667.944; 9.457162268561736e-24
3668.426; 9.373393348676133e-24
3668.908; 9.426077776995971e-24
3669.39; 9.649745689202502e-24
3669.872; 1.003212254120723e-23
3670.354; 1.0498672882601505e-23
3670.836; 1.112310147753109e-23
3671.319; 1.1170898355229995e-23
3671.801; 1.146471005413774e-23
3672.283; 1.134585157438515e-23
3672.765; 1.1028715936737281e-23
3673.247; 1.0605044583576492e-23
3673.729; 1.0219501560921407e-23
3674.211; 1.0014946047710553e-23
3674.693; 1.0263521136935264e-23
3675.176; 1.0374079075845655e-23
3675.658; 1.1137358773591044e-23
3676.14; 1.181368085825576e-23
3676.622; 1.2446422256420895e-23
3677.104; 1.2947516536046489e-23
3677.586; 1.3300630475990254e-23
3678.068; 1.3541836497117414e-23
3678.55; 1.3726978320077478e-23
3679.032; 1.4108878705104357e-23
3679.515; 1.4078447291311168e-23
3679.997; 1.4608337558187973e-23
3680.479; 1.5041282075620583e-23
3680.961; 1.555471334468335e-23
3681.443; 1.6127030931488568e-23
3681.925; 1.6745642514730636e-23
3682.407; 1.7391041559838352e-23
3682.889; 1.8241375903555497e-23
3683.372; 1.8584059198834415e-23
3683.854; 1.936558222819064e-23
3684.336; 1.9855263273805153e-23
3684.818; 2.0211900102272184e-23
3685.3; 2.041292068519636e-23
3685.782; 2.047753803617848e-23
3686.264; 2.0455858930963457e-23
3686.746; 2.06253081987552e-23
3687.229; 2.0409333689148992e-23
3687.711; 2.0840914507447868e-23
3688.193; 2.1280480192779526e-23
3688.675; 2.190202594781998e-23
3689.157; 2.2654528422507596e-23
3689.639; 2.3490129547293148e-23
3690.121; 2.437120586533974e-23
3690.603; 2.5264807877546084e-23
3691.085; 2.6343330690140745e-23
3691.568; 2.6917030907014185e-23
3692.05; 2.7922864962198064e-23
3692.532; 2.8664677348875434e-23
3693.014; 2.931301053752528e-23
3693.496; 2.985679272993009e-23
3693.978; 3.0315065726798867e-23
3694.46; 3.0721463028753906e-23
3694.942; 3.131398451778476e-23
3695.425; 3.1492752975104406e-23
3695.907; 3.2217887467072955e-23
3696.389; 3.28374869312013e-23
3696.871; 3.350093622132611e-23
3697.353; 3.414732105772889e-23
3697.835; 3.472441583066187e-23
3698.317; 3.519992439625867e-23
3698.799; 3.556663597006097e-23
3699.281; 3.603512190457153e-23
3699.764; 3.605073640413202e-23
3700.246; 3.656787869779252e-23
3700.728; 3.702804444525323e-23
3701.21; 3.76327781137047e-23
3701.692; 3.836738803308734e-23
3702.174; 3.919687152457181e-23
3702.656; 4.006799545856205e-23
3703.138; 4.1106064733303476e-23
3703.621; 4.169433063662477e-23
3704.103; 4.2660302439775303e-23
3704.585; 4.3415465301189237e-23
3705.067; 4.4125351508817423e-23
3705.549; 4.4780920304305854e-23
3706.031; 4.5376581760365515e-23
3706.513; 4.590100948459666e-23
3706.995; 4.651261731491329e-23
3707.478; 4.6518418905481e-23
3707.959; 4.739883971713157e-23
3708.442; 4.734582672551939e-23
3708.924; 4.78501933870599e-23
3709.406; 4.827761960211439e-23
3709.888; 4.883889967667411e-23
3710.37; 4.957345615249127e-23
3710.852; 5.050316785130616e-23
3711.334; 5.161183158527104e-23
3711.816; 5.299409616909944e-23
3712.299; 5.409788202247852e-23
3712.781; 5.553495935979233e-23
3713.263; 5.676215245846104e-23
3713.745; 5.786858350798259e-23
3714.227; 5.882947042651772e-23
3714.709; 5.965181362976789e-23
3715.191; 6.036095539174867e-23
3715.673; 6.111840991203534e-23
3716.156; 6.157145766985367e-23
3716.638; 6.2342611129663e-23
3717.12; 6.305958767261871e-23
3717.602; 6.38416874987374e-23
3718.084; 6.467026793520334e-23
3718.566; 6.552063235969381e-23
3719.048; 6.636878170187783e-23
3719.53; 6.719652555804307e-23
3720.012; 6.809772437086771e-23
3720.495; 6.875376025469294e-23
3720.977; 6.964506720403839e-23
3721.459; 7.045542201761925e-23
3721.941; 7.127291307852101e-23
3722.423; 7.208143125067737e-23
3722.905; 7.286654449087649e-23
3723.387; 7.361859221915905e-23
3723.869; 7.442310312049002e-23
3724.352; 7.496583697036135e-23
3724.833; 7.597498401722989e-23
3725.316; 7.661983527692009e-23
3725.798; 7.758396760569603e-23
3726.28; 7.854556780910436e-23
3726.762; 7.954260748407845e-23
3727.244; 8.052668804531739e-23
3727.726; 8.145402010926001e-23
3728.208; 8.229457988018485e-23
3728.69; 8.3092514252474e-23
3729.173; 8.36959190663712e-23
3729.655; 8.43803264432427e-23
3730.137; 8.502285179068778e-23
3730.619; 8.570628335594842e-23
3731.101; 8.644585509194475e-23
3731.583; 8.723435286913329e-23
3732.065; 8.804514425571034e-23
3732.547; 8.888158835015645e-23
3733.03; 8.961768114560262e-23
3733.512; 9.040828719041116e-23
3733.994; 9.117003453057598e-23
3734.476; 9.195896370869113e-23
3734.958; 9.279226601729074e-23
3735.44; 9.366934026879126e-23
3735.922; 9.457110949763953e-23
3736.404; 9.547023662977578e-23
3736.886; 9.635641526634985e-23
3737.369; 9.718426940259937e-23
3737.851; 9.799919059713707e-23
3738.333; 9.876956606437153e-23
3738.815; 9.946888217002433e-23
3739.297; 9.951841924749047e-23
