2617.894; 4.735814997448568e-17
2618.376; 4.739465131196675e-17
2618.858; 4.607277163325804e-17
2619.34; 4.525537456547426e-17
2619.822; 4.464498522427981e-17
2620.304; 4.415130780972502e-17
2620.786; 4.37254940322593e-17
2621.269; 4.337805042618471e-17
2621.75; 4.302497478862814e-17
2622.233; 4.274869453546543e-17
2622.715; 4.247010531522743e-17
2623.197; 4.222174993021777e-17
2623.679; 4.1992804026981784e-17
2624.161; 4.1781633469669063e-17
2624.643; 4.1586228892521425e-17
2625.125; 4.140453684839037e-17
2625.607; 4.1224249369187864e-17
2626.09; 4.1075340474763783e-17
2626.572; 4.090748571216004e-17
2627.054; 4.075202560642778e-17
2627.536; 4.0598392179751595e-17
2628.018; 4.0447115185531116e-17
2628.5; 4.029914267915485e-17
2628.982; 4.0156165327869915e-17
2629.464; 4.000864116211127e-17
2629.947; 3.989475146491327e-17
2630.429; 3.976081733285303e-17
2630.911; 3.9644439210024056e-17
2631.393; 3.953436575587384e-17
2631.875; 3.943042009400671e-17
2632.357; 3.9331741967524494e-17
2632.839; 3.9237238384657334e-17
2633.321; 3.9146107698808846e-17
2633.803; 3.9045285671667223e-17
2634.286; 3.8974713211187285e-17
2634.768; 3.887444470761608e-17
2635.25; 3.8785804716783295e-17
2635.732; 3.869764016224824e-17
2636.214; 3.861157213393107e-17
2636.696; 3.8528754652017643e-17
2637.178; 3.8450311231580246e-17
2637.66; 3.836348565167225e-17
2638.143; 3.83113174516828e-17
2638.625; 3.8228786392141356e-17
2639.107; 3.81586039053184e-17
2639.589; 3.808702274764213e-17
2640.071; 3.8014225890865635e-17
2640.553; 3.794066752647097e-17
2641.035; 3.7867811509372343e-17
2641.517; 3.778337114669157e-17
2642.0; 3.7735023778682354e-17
2642.482; 3.765570058068003e-17
2642.964; 3.7592384600606947e-17
2643.446; 3.753120855396269e-17
2643.928; 3.7472073169914657e-17
2644.41; 3.741425763937147e-17
2644.892; 3.7357175779647233e-17
2645.374; 3.7301089249434783e-17
2645.856; 3.7231846388219225e-17
2646.339; 3.719917915368109e-17
2646.821; 3.713197784797015e-17
2647.303; 3.7080264052856106e-17
2647.785; 3.702999563641853e-17
2648.267; 3.6981647459879574e-17
2648.749; 3.693478802784424e-17
2649.231; 3.6889185273199707e-17
2649.713; 3.682903318512052e-17
2650.196; 3.680513584356333e-17
2650.678; 3.6742066169764166e-17
2651.16; 3.669154314691977e-17
2651.642; 3.6639014469738837e-17
2652.124; 3.6585826923748627e-17
2652.606; 3.653292966903479e-17
2653.088; 3.648127172570055e-17
2653.57; 3.643223577288279e-17
2654.052; 3.637067272329473e-17
2654.535; 3.635084267037787e-17
2655.017; 3.6293694329524894e-17
2655.499; 3.625284446828795e-17
2655.981; 3.621165120353145e-17
2656.463; 3.6169787900443606e-17
2656.945; 3.612659700994108e-17
2657.427; 3.6082396702842933e-17
2657.909; 3.6021163483072683e-17
2658.392; 3.599996276646476e-17
2658.874; 3.5938118594039374e-17
2659.356; 3.589339574634764e-17
2659.838; 3.585065268224082e-17
2660.32; 3.581137359406239e-17
2660.802; 3.577598336108268e-17
2661.284; 3.5744902484524837e-17
2661.766; 3.5700080966513815e-17
2662.249; 3.571615475211725e-17
2662.73; 3.563201237935482e-17
2663.213; 3.5648245454331193e-17
2663.695; 3.560292376062341e-17
2664.177; 3.557139040498253e-17
2664.659; 3.553555573116508e-17
2665.141; 3.5496227480323965e-17
2665.623; 3.5454401918754914e-17
2666.105; 3.54122533499923e-17
2666.587; 3.535399010690661e-17
2667.07; 3.534190737346267e-17
2667.552; 3.5288802977821077e-17
2668.034; 3.5255827262316707e-17
2668.516; 3.522489724020435e-17
2668.998; 3.519564999639024e-17
2669.48; 3.5166885615787115e-17
2669.962; 3.5138180362633624e-17
2670.444; 3.509085563323835e-17
2670.927; 3.5087513084526134e-17
2671.409; 3.503805598766241e-17
2671.891; 3.500645239927263e-17
2672.373; 3.4976066436162653e-17
2672.855; 3.4948816987614236e-17
2673.337; 3.49252626546287e-17
2673.819; 3.490501704766405e-17
2674.301; 3.488742771301019e-17
2674.783; 3.485184549514965e-17
2675.266; 3.486050471882433e-17
2675.748; 3.481801478811104e-17
2676.23; 3.4788256054108544e-17
2676.712; 3.475325026420368e-17
2677.194; 3.471562055163673e-17
2677.676; 3.467800459449233e-17
2678.158; 3.464350967598305e-17
2678.64; 3.4593834105422253e-17
2679.123; 3.4615640106608245e-17
2679.604; 3.452557853705514e-17
2680.087; 3.4552313587599385e-17
2680.569; 3.4510959225141646e-17
2681.051; 3.4487426397822447e-17
2681.533; 3.446160833257048e-17
2682.015; 3.4435103194936136e-17
2682.497; 3.440944313682973e-17
2682.979; 3.438678002647331e-17
2683.461; 3.4348192784693607e-17
2683.944; 3.436218279933594e-17
2684.426; 3.4328749213542555e-17
2684.908; 3.431558871902161e-17
2685.39; 3.430212743741301e-17
2685.872; 3.428861263632825e-17
2686.354; 3.42748231481648e-17
2686.836; 3.426126374816895e-17
2687.318; 3.422732982792658e-17
2687.801; 3.4242556433300803e-17
2688.283; 3.4204713395070834e-17
2688.765; 3.418382448667804e-17
2689.247; 3.41600404709688e-17
2689.729; 3.413504410640349e-17
2690.211; 3.410993462324859e-17
2690.693; 3.4085560827646e-17
2691.175; 3.4062939130959956e-17
2691.657; 3.4020740581793674e-17
2692.14; 3.4030149067828366e-17
2692.622; 3.398532796474137e-17
2693.104; 3.395813677446977e-17
2693.586; 3.392819593761801e-17
2694.068; 3.389770607612106e-17
2694.55; 3.3868593177255055e-17
2695.032; 3.3843310231447094e-17
2695.514; 3.3801385108921556e-17
2695.997; 3.38165869129042e-17
2696.479; 3.3780556059124734e-17
2696.961; 3.3766086282818974e-17
2697.443; 3.375088408441102e-17
2697.925; 3.373554875415288e-17
2698.407; 3.3720596429505496e-17
2698.889; 3.370756161330516e-17
2699.371; 3.367509659004932e-17
2699.854; 3.369832255194562e-17
2700.336; 3.366651664931301e-17
2700.818; 3.365356138991868e-17
2701.3; 3.363611684648324e-17
2701.782; 3.3614222133497593e-17
2702.264; 3.3588234678622194e-17
2702.746; 3.355967529872958e-17
2703.228; 3.353167732147432e-17
2703.71; 3.348428128971206e-17
2704.193; 3.349675877671307e-17
2704.675; 3.345744060117326e-17
2705.157; 3.344369352243001e-17
2705.639; 3.3432170161983865e-17
2706.121; 3.342247738988509e-17
2706.603; 3.341355114966986e-17
2707.085; 3.3405473017342795e-17
2707.567; 3.3375119079700955e-17
2708.05; 3.3401324574203143e-17
2708.532; 3.336965020121062e-17
2709.014; 3.3359225012466886e-17
2709.496; 3.33473815771541e-17
2709.978; 3.3335024167600356e-17
2710.46; 3.33220517514731e-17
2710.942; 3.33082007226101e-17
2711.424; 3.329392805118087e-17
2711.906; 3.3255371223172485e-17
2712.389; 3.3272905414864406e-17
2712.871; 3.3228818615424844e-17
2713.353; 3.32043365895128e-17
2713.835; 3.317700367625623e-17
2714.317; 3.3149266361869687e-17
2714.799; 3.312310231870823e-17
2715.281; 3.310124087306739e-17
2715.763; 3.306117960836855e-17
2716.246; 3.308606519877211e-17
2716.728; 3.305574380932343e-17
2717.21; 3.305210514684954e-17
2717.692; 3.305017183007954e-17
2718.174; 3.304963322305869e-17
2718.656; 3.304929246910269e-17
2719.138; 3.3048611679867816e-17
2719.62; 3.3020916037974194e-17
2720.103; 3.3073919972059364e-17
2720.584; 3.297533789284585e-17
2721.067; 3.301582389367574e-17
2721.549; 3.29638017653651e-17
2722.031; 3.2930663312054855e-17
2722.513; 3.2893489357160087e-17
2722.995; 3.285621477136245e-17
2723.477; 3.28219191318704e-17
2723.959; 3.279376283362807e-17
2724.441; 3.274778474336299e-17
2724.924; 3.277023336411469e-17
2725.406; 3.2734492053621025e-17
2725.888; 3.27258824601624e-17
2726.37; 3.271841221091606e-17
2726.852; 3.271248305644118e-17
2727.334; 3.270793414929296e-17
2727.816; 3.2705477210463975e-17
2728.298; 3.267927984780915e-17
2728.781; 3.2716312664349213e-17
2729.263; 3.268813874940898e-17
2729.745; 3.2681846194786284e-17
2730.227; 3.2671709943156264e-17
2730.709; 3.2658752267587785e-17
2731.191; 3.2643263505563717e-17
2731.673; 3.262552991762325e-17
2732.155; 3.2606711184008095e-17
2732.637; 3.2561089627221296e-17
2733.12; 3.257894749469816e-17
2733.602; 3.2531059250212524e-17
2734.084; 3.250923830480831e-17
2734.566; 3.2489941156050645e-17
2735.048; 3.247635296688148e-17
2735.53; 3.246968727044932e-17
2736.012; 3.2470309064228327e-17
2736.494; 3.24486879988829e-17
2736.977; 3.251992464787678e-17
2737.458; 3.2430367388295643e-17
2737.941; 3.249324612427675e-17
2738.423; 3.24568477379526e-17
2738.905; 3.244116930628957e-17
2739.387; 3.24209468215607e-17
2739.869; 3.2399664904223004e-17
2740.351; 3.237953722245418e-17
2740.833; 3.236280338313717e-17
2741.315; 3.232281512519034e-17
2741.798; 3.235264974609043e-17
2742.28; 3.2316304746045035e-17
2742.762; 3.2307000670352216e-17
2743.244; 3.229768684572254e-17
2743.726; 3.228921305274423e-17
2744.208; 3.228110708176258e-17
2744.69; 3.227341650882156e-17
2745.172; 3.223759310558603e-17
2745.655; 3.2267774951317426e-17
2746.137; 3.22260287966731e-17
2746.619; 3.220836357673639e-17
2747.101; 3.2189079261310924e-17
2747.583; 3.2171186629905535e-17
2748.065; 3.2156231168347395e-17
2748.547; 3.214490581249794e-17
2749.029; 3.213804136800501e-17
2749.511; 3.2106849992461515e-17
2749.994; 3.214702581657592e-17
2750.476; 3.211723770701991e-17
2750.958; 3.211403242481522e-17
2751.44; 3.210969340645128e-17
2751.922; 3.210584614183987e-17
2752.404; 3.210319319303233e-17
2752.886; 3.210324061544679e-17
2753.368; 3.207781080371797e-17
2753.851; 3.212484647500561e-17
2754.333; 3.2101258777225933e-17
2754.815; 3.210439255916739e-17
2755.297; 3.210480252283203e-17
2755.779; 3.2102365472058254e-17
2756.261; 3.2096142863921644e-17
2756.743; 3.2086689625069886e-17
2757.225; 3.204534574133476e-17
2757.708; 3.2073075904667754e-17
2758.19; 3.202611684544211e-17
2758.672; 3.2006045541669084e-17
2759.154; 3.198499229031842e-17
2759.636; 3.1964331399599504e-17
2760.118; 3.1943684335413965e-17
2760.6; 3.1922501923353965e-17
2761.082; 3.1901778978623654e-17
2761.564; 3.185271511787332e-17
2762.047; 3.187895893631537e-17
2762.529; 3.183379226556956e-17
2763.011; 3.182075427209734e-17
2763.493; 3.181047989285735e-17
2763.975; 3.180305273634606e-17
2764.457; 3.179668333349434e-17
2764.939; 3.1790543196447276e-17
2765.421; 3.1753452351750226e-17
2765.904; 3.1789246203158846e-17
2766.386; 3.174830111425508e-17
2766.868; 3.1736255222989976e-17
2767.35; 3.172459059348401e-17
2767.832; 3.171499866098176e-17
2768.314; 3.170689372593566e-17
2768.796; 3.1698890259667217e-17
2769.278; 3.169062826089793e-17
2769.76; 3.165058511622204e-17
2770.243; 3.168437737622041e-17
2770.725; 3.1639053409134595e-17
2771.207; 3.1621615383364344e-17
2771.689; 3.1602763902850564e-17
2772.171; 3.158480876852529e-17
2772.653; 3.156883203475317e-17
2773.135; 3.1556898312960155e-17
2773.617; 3.1518850828124234e-17
2774.1; 3.1562769635505866e-17
2774.582; 3.153269491749706e-17
2775.064; 3.153524718518034e-17
2775.546; 3.1537391534381187e-17
2776.028; 3.1537425672401054e-17
2776.51; 3.1532357621942364e-17
2776.992; 3.152096178620505e-17
2777.474; 3.146988601657071e-17
2777.957; 3.152267884949789e-17
2778.438; 3.138265092428379e-17
2778.921; 3.14327789660854e-17
2779.403; 3.13761986764861e-17
2779.885; 3.135853306462512e-17
2780.367; 3.1347638235227005e-17
2780.849; 3.134340521993991e-17
2781.331; 3.134322931002003e-17
2781.813; 3.134490758372279e-17
2782.295; 3.131302425463291e-17
2782.778; 3.135642308752772e-17
2783.26; 3.1312313567770154e-17
2783.742; 3.129247569720377e-17
2784.224; 3.126665149799807e-17
2784.706; 3.1239112365618836e-17
2785.188; 3.121355024794904e-17
2785.67; 3.119454321514596e-17
2786.152; 3.1151790474208267e-17
2786.635; 3.119905020652669e-17
2787.117; 3.117110145706736e-17
2787.599; 3.117854050295247e-17
2788.081; 3.1185444290665896e-17
2788.563; 3.118993568775951e-17
2789.045; 3.1189904600705523e-17
2789.527; 3.118478685421642e-17
2790.009; 3.117689327517288e-17
2790.491; 3.1135364814641755e-17
2790.974; 3.117766320316574e-17
2791.456; 3.113948991049758e-17
2791.938; 3.113719072683469e-17
2792.42; 3.1137989594504945e-17
2792.902; 3.114246221556711e-17
2793.384; 3.114922714163508e-17
2793.866; 3.115759616094628e-17
2794.348; 3.113196372534419e-17
2794.831; 3.118676162612977e-17
2795.313; 3.1151880819561016e-17
2795.795; 3.114314096279541e-17
2796.277; 3.112748486379055e-17
2796.759; 3.1107703267681305e-17
2797.241; 3.1086226856157544e-17
2797.723; 3.106700505765198e-17
2798.205; 3.101732489615575e-17
2798.688; 3.109313697037474e-17
2799.169; 3.097052781453876e-17
2799.652; 3.1058657631804656e-17
2800.134; 3.102971440807279e-17
2800.616; 3.1034648359791115e-17
2801.098; 3.103390991064465e-17
2801.58; 3.1025203065846035e-17
2802.062; 3.100661482459624e-17
2802.544; 3.0979553866218736e-17
2803.026; 3.091139443852047e-17
2803.509; 3.092718225148314e-17
2803.991; 3.0855880773048114e-17
2804.473; 3.082274796074143e-17
2804.955; 3.079521691772329e-17
2805.437; 3.077477810552008e-17
2805.919; 3.0759490551473454e-17
2806.401; 3.074617341178095e-17
2806.883; 3.0732987473451275e-17
2807.365; 3.0682340653114187e-17
2807.848; 3.0717171927932e-17
2808.33; 3.066012331777264e-17
2808.812; 3.063719991462217e-17
2809.294; 3.061576977538565e-17
2809.776; 3.0599513287013826e-17
2810.258; 3.058965327322868e-17
2810.74; 3.058733757052484e-17
2811.222; 3.0555334065770444e-17
2811.705; 3.061663428867053e-17
2812.187; 3.058811939168062e-17
2812.669; 3.059282500305853e-17
2813.151; 3.0593146360365494e-17
2813.633; 3.058912283403669e-17
2814.115; 3.057987779890953e-17
2814.597; 3.0566326797801485e-17
2815.079; 3.051221181099907e-17
2815.562; 3.054535756288489e-17
2816.044; 3.0483712031237786e-17
2816.526; 3.045629388810129e-17
2817.008; 3.042870985467661e-17
2817.49; 3.040413348052213e-17
2817.972; 3.0383825562990376e-17
2818.454; 3.0368700629771734e-17
2818.936; 3.036096334245435e-17
2819.418; 3.032428851361102e-17
2819.901; 3.038760742920933e-17
2820.383; 3.0364013233153977e-17
2820.865; 3.038054472918635e-17
2821.347; 3.0397283923082745e-17
2821.829; 3.0411849474348826e-17
2822.311; 3.0420421136874636e-17
2822.793; 3.042139731030817e-17
2823.275; 3.0375984536682184e-17
2823.758; 3.041550221091295e-17
2824.24; 3.035359683876736e-17
2824.722; 3.032452933477657e-17
2825.204; 3.029439409158107e-17
2825.686; 3.0267294665768056e-17
2826.168; 3.024448721063907e-17
2826.65; 3.02271189316352e-17
2827.132; 3.017572199652879e-17
2827.615; 3.022132853540026e-17
2828.097; 3.017029328317035e-17
2828.579; 3.0154585676694124e-17
2829.061; 3.0135935638579544e-17
2829.543; 3.0116364772005564e-17
2830.025; 3.009690632066009e-17
2830.507; 3.007896547761766e-17
2830.989; 3.0065576012655977e-17
2831.471; 3.0019226928929616e-17
2831.954; 3.00750492536004e-17
2832.436; 3.003691263174517e-17
2832.918; 3.0037472880076176e-17
2833.4; 3.0034919630347015e-17
2833.882; 3.0027590583741645e-17
2834.364; 3.001317861896112e-17
2834.846; 2.999206567775865e-17
2835.328; 2.992405293342924e-17
2835.811; 2.998907840164631e-17
2836.292; 2.981458813528918e-17
2836.775; 2.9876939236493633e-17
2837.257; 2.9801671916494484e-17
2837.739; 2.976882926459699e-17
2838.221; 2.9738407105751917e-17
2838.703; 2.9713254172882816e-17
2839.185; 2.969534450061929e-17
2839.667; 2.96879388150278e-17
2840.149; 2.965170865392007e-17
2840.632; 2.9724334647113065e-17
2841.114; 2.9700999884453355e-17
2841.596; 2.971575953841394e-17
2842.078; 2.9723443547388104e-17
2842.56; 2.972167114828118e-17
2843.042; 2.970906650805508e-17
2843.524; 2.968845350189132e-17
2844.006; 2.962275795548456e-17
2844.489; 2.965713772475778e-17
2844.971; 2.9591230532929755e-17
2845.453; 2.956806296823639e-17
2845.935; 2.9547294571166967e-17
2846.417; 2.952932942283674e-17
2846.899; 2.951254304975724e-17
2847.381; 2.94957926787697e-17
2847.863; 2.948049252790821e-17
2848.345; 2.942629033732883e-17
2848.828; 2.947707433462437e-17
2849.31; 2.9427083275564445e-17
2849.792; 2.942011925622187e-17
2850.274; 2.9415897520635305e-17
2850.756; 2.941673772265039e-17
2851.238; 2.942326932557703e-17
2851.72; 2.943695210338058e-17
2852.202; 2.941500567319688e-17
2852.685; 2.949901145471472e-17
2853.167; 2.9475661048236564e-17
2853.649; 2.948461370538605e-17
2854.131; 2.948019036881297e-17
2854.613; 2.946161875996313e-17
2855.095; 2.942929400815672e-17
2855.577; 2.938783267254835e-17
2856.059; 2.929880270701086e-17
2856.542; 2.935974371478105e-17
2857.023; 2.917399851546284e-17
2857.506; 2.9254164278003385e-17
2857.988; 2.9197728637830877e-17
2858.47; 2.919465722176151e-17
2858.952; 2.919679799920486e-17
2859.434; 2.9200548825880954e-17
2859.916; 2.920126759943657e-17
2860.398; 2.919719458623547e-17
2860.88; 2.914393661612562e-17
2861.363; 2.919124641660629e-17
2861.845; 2.9125140218882343e-17
2862.327; 2.909823710999854e-17
2862.809; 2.9071315310532514e-17
2863.291; 2.904947209832365e-17
2863.773; 2.9035256072910695e-17
2864.255; 2.9029976671575235e-17
2864.737; 2.903514960498983e-17
2865.219; 2.90055391002705e-17
2865.702; 2.90888712453006e-17
2866.184; 2.9061558191762557e-17
2866.666; 2.9069721914628734e-17
2867.148; 2.9065643903113765e-17
2867.63; 2.9048731542914124e-17
2868.112; 2.9019730133869505e-17
2868.594; 2.8984008876796557e-17
2869.076; 2.890335444001818e-17
2869.559; 2.893783467164719e-17
2870.041; 2.887010879113521e-17
2870.523; 2.885574770413372e-17
2871.005; 2.8848692700143236e-17
2871.487; 2.884576311574249e-17
2871.969; 2.884108881146934e-17
2872.451; 2.8831678289930445e-17
2872.933; 2.877133658063299e-17
2873.416; 2.8817905259175055e-17
2873.898; 2.8751422038204026e-17
2874.38; 2.873340965268087e-17
2874.862; 2.872326036236039e-17
2875.344; 2.872323891384377e-17
2875.826; 2.8730022532369104e-17
2876.308; 2.873785047324269e-17
2876.79; 2.8742626508113496e-17
2877.272; 2.869531086781403e-17
2877.755; 2.875296102378888e-17
2878.237; 2.8689698809871704e-17
2878.719; 2.8667009628332716e-17
2879.201; 2.8642912420227934e-17
2879.683; 2.862055646958768e-17
2880.165; 2.8599101534540335e-17
2880.647; 2.857771507209381e-17
2881.129; 2.850759741665722e-17
2881.612; 2.8547138021262696e-17
2882.094; 2.8464781129690084e-17
2882.576; 2.84225680249486e-17
2883.058; 2.8377192300177704e-17
2883.54; 2.83329449146026e-17
2884.022; 2.829156121189005e-17
2884.504; 2.825548602089527e-17
2884.986; 2.8178213481975e-17
2885.469; 2.822230758285698e-17
2885.951; 2.8153412203006307e-17
2886.433; 2.813502537935082e-17
2886.915; 2.812139301565182e-17
2887.397; 2.811454829327933e-17
2887.879; 2.811369063301894e-17
2888.361; 2.811721808884607e-17
2888.843; 2.812503804228962e-17
2889.325; 2.808820619994023e-17
2889.808; 2.816875948948937e-17
2890.29; 2.8127679708933837e-17
2890.772; 2.8126910818825166e-17
2891.254; 2.8117471010937984e-17
2891.736; 2.8099736861155843e-17
2892.218; 2.807352169384295e-17
2892.7; 2.80419901058605e-17
2893.182; 2.79591556227716e-17
2893.665; 2.8045993718245355e-17
2894.146; 2.7853103482950493e-17
2894.629; 2.795903986768488e-17
2895.111; 2.7909616916132805e-17
2895.593; 2.7919758711105737e-17
2896.075; 2.793545906316971e-17
2896.557; 2.795258558168844e-17
2897.039; 2.796537317510717e-17
2897.521; 2.797089648119748e-17
2898.003; 2.7917894002093287e-17
2898.486; 2.797392947141836e-17
2898.968; 2.789699396634216e-17
2899.45; 2.785921601679816e-17
2899.932; 2.78177264780397e-17
2900.414; 2.778072974592917e-17
2900.896; 2.775418382364765e-17
2901.378; 2.774376310949833e-17
2901.86; 2.7701044500909567e-17
2902.343; 2.779307785763493e-17
2902.825; 2.7766810959756e-17
2903.307; 2.7784567296103494e-17
2903.789; 2.778990756375255e-17
2904.271; 2.777960426559958e-17
2904.753; 2.775197952459882e-17
2905.235; 2.7708805553835404e-17
2905.717; 2.7656191897537008e-17
2906.199; 2.7549269324880275e-17
2906.682; 2.756577664254058e-17
2907.164; 2.7457696250848675e-17
2907.646; 2.7400688287143745e-17
2908.128; 2.7346717491101957e-17
2908.61; 2.729992491588425e-17
2909.092; 2.726291573673903e-17
2909.574; 2.7239635173676037e-17
2910.056; 2.7180367878835107e-17
2910.539; 2.7258802570392867e-17
2911.021; 2.7217965406461e-17
2911.503; 2.7228718458467908e-17
2911.985; 2.7236626311533564e-17
2912.467; 2.724080347780855e-17
2912.949; 2.7240172062951343e-17
2913.431; 2.7236544275338145e-17
2913.913; 2.7177772001172606e-17
2914.396; 2.7293631200722076e-17
2914.877; 2.7100386996914392e-17
2915.36; 2.7208349276838837e-17
2915.842; 2.713325041959636e-17
2916.324; 2.7106592593625252e-17
2916.806; 2.7078122129313915e-17
2917.288; 2.7053037253227122e-17
2917.77; 2.7034723356722614e-17
2918.252; 2.702722327576155e-17
2918.734; 2.6979384194584198e-17
2919.217; 2.706847501485028e-17
2919.699; 2.7032585431526346e-17
2920.181; 2.7047186169740187e-17
2920.663; 2.7057217834774222e-17
2921.145; 2.706100146789486e-17
2921.627; 2.705497718839085e-17
2922.109; 2.7036222110410836e-17
2922.591; 2.7005423828762108e-17
2923.073; 2.6911674104789443e-17
2923.556; 2.694116535287544e-17
2924.038; 2.6838404623366865e-17
2924.52; 2.679423446178006e-17
2925.002; 2.6764558606639274e-17
2925.484; 2.6756164581938494e-17
2925.966; 2.6768971799523652e-17
2926.448; 2.6799861661668425e-17
2926.93; 2.6788030297960656e-17
2927.413; 2.69078889057352e-17
2927.895; 2.6888369850737325e-17
2928.377; 2.691024779496691e-17
2928.859; 2.692242733312584e-17
2929.341; 2.6930263885106426e-17
2929.823; 2.6936731616124832e-17
2930.305; 2.6944404387139484e-17
2930.787; 2.689791760171488e-17
2931.27; 2.6978761200145748e-17
2931.752; 2.691539883384167e-17
2932.234; 2.6892060013632718e-17
2932.716; 2.6857589298224793e-17
2933.198; 2.6818653979824366e-17
2933.68; 2.6780644377419913e-17
2934.162; 2.6747812439004113e-17
2934.644; 2.6723907884612658e-17
2935.126; 2.6653260223686524e-17
2935.609; 2.6720351700667328e-17
2936.091; 2.6646882648973503e-17
2936.573; 2.6616836895679185e-17
2937.055; 2.6573477984479882e-17
2937.537; 2.6519389581427346e-17
2938.019; 2.645828485289321e-17
2938.501; 2.6398234115621476e-17
2938.983; 2.629133128471462e-17
2939.466; 2.6335437601826016e-17
2939.948; 2.625780385354099e-17
2940.43; 2.6250618105803992e-17
2940.912; 2.6255452442239136e-17
2941.394; 2.6267451690726726e-17
2941.876; 2.6277818718458762e-17
2942.358; 2.628014355117085e-17
2942.84; 2.621310427532303e-17
2943.323; 2.6268849139665915e-17
2943.805; 2.617061864415795e-17
2944.287; 2.6118679533067412e-17
2944.769; 2.6065252325524394e-17
2945.251; 2.601898288420801e-17
2945.733; 2.5983341217283955e-17
2946.215; 2.5958579621320734e-17
2946.697; 2.594495086500199e-17
2947.179; 2.5883681129902368e-17
2947.662; 2.596850557108736e-17
2948.144; 2.5915330542119935e-17
2948.626; 2.5919925725041555e-17
2949.108; 2.592583018804003e-17
2949.59; 2.5933767476453358e-17
2950.072; 2.5940816960566513e-17
2950.554; 2.5944884605529335e-17
2951.036; 2.5883414658094907e-17
2951.519; 2.6011512965795914e-17
2952.0; 2.578950347173348e-17
2952.483; 2.5904854834384906e-17
2952.965; 2.5821291083519548e-17
2953.447; 2.580201319162025e-17
2953.929; 2.579138528898195e-17
2954.411; 2.5791704216069066e-17
2954.893; 2.5799967723417128e-17
2955.375; 2.5812522871648054e-17
2955.857; 2.5764741487408692e-17
2956.34; 2.5850479042336546e-17
2956.822; 2.577575352879923e-17
2957.304; 2.5740429063704732e-17
2957.786; 2.56900339279837e-17
2958.268; 2.563229173215731e-17
2958.75; 2.5573310918524142e-17
2959.232; 2.551972065261952e-17
2959.714; 2.541461197914838e-17
2960.197; 2.546026872291616e-17
2960.679; 2.53594556196959e-17
2961.161; 2.5313809037541378e-17
2961.643; 2.526525139638623e-17
2962.125; 2.5219404366996454e-17
2962.607; 2.5181434079937642e-17
2963.089; 2.5156113587099282e-17
2963.571; 2.5147585493937496e-17
2964.053; 2.5094087362847868e-17
2964.536; 2.5193994943477923e-17
2965.018; 2.5140416814376593e-17
2965.5; 2.5130863461202358e-17
2965.982; 2.5102842897722678e-17
2966.464; 2.5061399516152892e-17
2966.946; 2.5014808261565833e-17
2967.428; 2.497573385454692e-17
2967.91; 2.4893104243429367e-17
2968.393; 2.4978221999289446e-17
2968.875; 2.4927963829473834e-17
2969.357; 2.4943117455052534e-17
2969.839; 2.495544067809324e-17
2970.321; 2.4960295019564366e-17
2970.803; 2.4954454474829013e-17
2971.285; 2.494034371981952e-17
2971.767; 2.4858002016823806e-17
2972.25; 2.498288128985078e-17
2972.731; 2.4741967026210038e-17
2973.214; 2.4860510670355877e-17
2973.696; 2.4761749735257125e-17
2974.178; 2.471885722384065e-17
2974.66; 2.4670654745861117e-17
2975.142; 2.462309535528773e-17
2975.624; 2.4581171988064283e-17
2976.106; 2.45511938177361e-17
2976.588; 2.4473495557391184e-17
2977.071; 2.455937503544405e-17
2977.553; 2.4497215795134143e-17
2978.035; 2.449596359638505e-17
2978.517; 2.4491663322053452e-17
2978.999; 2.4485511314583955e-17
2979.481; 2.4477420037342014e-17
2979.963; 2.4467338021069195e-17
2980.445; 2.445667578465417e-17
2980.927; 2.4381358325812263e-17
2981.41; 2.4453953285823623e-17
2981.892; 2.4360731274737736e-17
2982.374; 2.4317191979797475e-17
2982.856; 2.426389715259879e-17
2983.338; 2.4207290591738245e-17
2983.82; 2.4151593227629434e-17
2984.302; 2.410186877218462e-17
2984.784; 2.3996252669476854e-17
2985.267; 2.4052312099910358e-17
2985.749; 2.395427446045213e-17
2986.231; 2.392147982045973e-17
2986.713; 2.3894146115761254e-17
2987.195; 2.3877977883070895e-17
2987.677; 2.3874732023529432e-17
2988.159; 2.388480673072911e-17
2988.641; 2.383889939558683e-17
2989.124; 2.394744792622747e-17
2989.606; 2.3883328949796543e-17
2990.088; 2.3860202148847195e-17
2990.57; 2.3814516361431785e-17
2991.052; 2.3754032620108364e-17
2991.534; 2.368799498681069e-17
2992.016; 2.3626525210186252e-17
2992.498; 2.3579944395721074e-17
2992.98; 2.3487764422869022e-17
2993.463; 2.357110646961228e-17
2993.945; 2.3503086049437596e-17
2994.427; 2.350033129859962e-17
2994.909; 2.349377132799807e-17
2995.391; 2.3482563254711664e-17
2995.873; 2.346518483038734e-17
2996.355; 2.3443196630778853e-17
2996.837; 2.3351095810440174e-17
2997.32; 2.3412974754001096e-17
2997.802; 2.3303071803205787e-17
2998.284; 2.3248076098823014e-17
2998.766; 2.318744580144909e-17
2999.248; 2.3129866122693814e-17
2999.73; 2.3082240136790657e-17
3000.212; 2.305218645200718e-17
3000.694; 2.2976110419745523e-17
3001.177; 2.307783728434226e-17
3001.659; 2.302222584032777e-17
3002.141; 2.3027255732515972e-17
3002.623; 2.3019363839223327e-17
3003.105; 2.2995330983223404e-17
3003.587; 2.2953327664939485e-17
3004.069; 2.2895559199823897e-17
3004.551; 2.28297218240336e-17
3005.033; 2.2695853218042953e-17
3005.516; 2.2728881919541277e-17
3005.998; 2.259910000863718e-17
3006.48; 2.2537415245763707e-17
3006.962; 2.2477639898707117e-17
3007.444; 2.242244465424705e-17
3007.926; 2.237335999701134e-17
3008.408; 2.233568809239565e-17
3008.89; 2.2244561179530797e-17
3009.373; 2.240398760361272e-17
3009.854; 2.218338568375284e-17
3010.337; 2.2379632300327396e-17
3010.819; 2.235415968230893e-17
3011.301; 2.239899928107058e-17
3011.783; 2.243507757956948e-17
3012.265; 2.2455566068916467e-17
3012.747; 2.2454504296408052e-17
3013.229; 2.24325707690376e-17
3013.711; 2.2324904845542375e-17
3014.194; 2.2371259187779566e-17
3014.676; 2.2240573352424143e-17
3015.158; 2.217478438593461e-17
3015.64; 2.211331383101385e-17
3016.122; 2.206317806843511e-17
3016.604; 2.2026134911362815e-17
3017.086; 2.2003541413826575e-17
3017.568; 2.1924141392632872e-17
3018.051; 2.2019278146424207e-17
3018.533; 2.1942669419695933e-17
3019.015; 2.192684575078951e-17
3019.497; 2.190220737055067e-17
3019.979; 2.1871286232793672e-17
3020.461; 2.183506957071145e-17
3020.943; 2.179489640896618e-17
3021.425; 2.1754457883380638e-17
3021.907; 2.1645542978670292e-17
3022.39; 2.1706866742115563e-17
3022.872; 2.1593335655570795e-17
3023.354; 2.1545857064941596e-17
3023.836; 2.149980687840285e-17
3024.318; 2.1463080919202447e-17
3024.8; 2.1440513232082216e-17
3025.282; 2.1436472110157837e-17
3025.764; 2.1378749331752213e-17
3026.247; 2.1499570462838494e-17
3026.729; 2.1438491611373967e-17
3027.211; 2.14234403585424e-17
3027.693; 2.1375904431611234e-17
3028.175; 2.1295749780769028e-17
3028.657; 2.1188360067183294e-17
3029.139; 2.106844045127643e-17
3029.621; 2.0879526178373617e-17
3030.104; 2.0953605690895368e-17
3030.585; 2.0635816752530718e-17
3031.068; 2.077030424328963e-17
3031.55; 2.0686413711358553e-17
3032.032; 2.0690427728463292e-17
3032.514; 2.06968062317075e-17
3032.996; 2.0696236924662968e-17
3033.478; 2.068122169616868e-17
3033.96; 2.065231259670363e-17
3034.442; 2.0542157977822252e-17
3034.925; 2.060268188418784e-17
3035.407; 2.048739996911667e-17
3035.889; 2.0449300279068612e-17
3036.371; 2.042334488629539e-17
3036.853; 2.0414211581774206e-17
3037.335; 2.0420096669788447e-17
3037.817; 2.043611252303658e-17
3038.299; 2.045827630765996e-17
3038.781; 2.0408617444440145e-17
3039.264; 2.052767169642049e-17
3039.746; 2.04541348610089e-17
3040.228; 2.0433238544778035e-17
3040.71; 2.0395010231365866e-17
3041.192; 2.0344862760236958e-17
3041.674; 2.0286473169652805e-17
3042.156; 2.0226156824660798e-17
3042.638; 2.0095608327655598e-17
3043.121; 2.0147258878580314e-17
3043.603; 2.002368899048791e-17
3044.085; 1.9977831276931612e-17
3044.567; 1.9941484563523823e-17
3045.049; 1.9919840275918427e-17
3045.531; 1.9913491023127646e-17
3046.013; 1.9922961720697816e-17
3046.495; 1.9871544021910856e-17
3046.978; 2.0003788928961352e-17
3047.46; 1.9950642409705256e-17
3047.942; 1.9958388293787356e-17
3048.424; 1.9952886815971505e-17
3048.906; 1.9937044943574218e-17
3049.388; 1.9912236119837267e-17
3049.87; 1.9879931202356846e-17
3050.352; 1.9843487001712016e-17
3050.834; 1.9728882980912223e-17
3051.317; 1.978791468664939e-17
3051.799; 1.965016919091195e-17
3052.281; 1.9568457083502775e-17
3052.763; 1.9470865479988143e-17
3053.245; 1.9364308614699612e-17
3053.727; 1.9255502225405324e-17
3054.209; 1.915482844177136e-17
3054.691; 1.899550241148892e-17
3055.174; 1.9038218114281603e-17
3055.656; 1.8913720359536975e-17
3056.138; 1.8876744818820127e-17
3056.62; 1.8849951538323225e-17
3057.102; 1.883148178263892e-17
3057.584; 1.8816969348152173e-17
3058.066; 1.8805530247968948e-17
3058.548; 1.8720477935637033e-17
3059.031; 1.8817330421824624e-17
3059.513; 1.872174265043758e-17
3059.995; 1.868979637890952e-17
3060.477; 1.864619344987025e-17
3060.959; 1.8593129794662968e-17
3061.441; 1.8531206726588822e-17
3061.923; 1.846295360318786e-17
3062.405; 1.8395795364574572e-17
3062.887; 1.8260912381885366e-17
3063.37; 1.8322928430549933e-17
3063.852; 1.8210132973426924e-17
3064.334; 1.8182784493082972e-17
3064.816; 1.8164451651245935e-17
3065.298; 1.8153975241614557e-17
3065.78; 1.8146484821596417e-17
3066.262; 1.8139663617749903e-17
3066.744; 1.805181538934941e-17
3067.227; 1.8218642278630412e-17
3067.708; 1.7924959458282453e-17
3068.191; 1.806979379092931e-17
3068.673; 1.793897739774533e-17
3069.155; 1.787293909401904e-17
3069.637; 1.7797745140518585e-17
3070.119; 1.772308288203298e-17
3070.601; 1.765854012211249e-17
3071.083; 1.761658943031516e-17
3071.565; 1.7528892078896867e-17
3072.048; 1.765883478864519e-17
3072.53; 1.76226393649703e-17
3073.012; 1.7672076149315693e-17
3073.494; 1.77187382363267e-17
3073.976; 1.7752633486168354e-17
3074.458; 1.7764320677523785e-17
3074.94; 1.775207686787559e-17
3075.422; 1.764032321153023e-17
3075.905; 1.7698416737938947e-17
3076.387; 1.754971479824179e-17
3076.869; 1.7466296228013804e-17
3077.351; 1.737869520754714e-17
3077.833; 1.7295448114559757e-17
3078.315; 1.7220922486661394e-17
3078.797; 1.715826589069657e-17
3079.279; 1.711203086246559e-17
3079.761; 1.7005002360801892e-17
3080.244; 1.710011595676484e-17
3080.726; 1.7005741333051782e-17
3081.208; 1.6981241025713063e-17
3081.69; 1.6943603091785214e-17
3082.172; 1.6891768564605898e-17
3082.654; 1.6825420888727213e-17
3083.136; 1.6750484123752584e-17
3083.618; 1.6595378909506095e-17
3084.101; 1.6634214918629707e-17
3084.583; 1.6484951621759774e-17
3085.065; 1.6419574004051666e-17
3085.547; 1.6363498199716074e-17
3086.029; 1.632062496496975e-17
3086.511; 1.6290883754907898e-17
3086.993; 1.6275631426336513e-17
3087.475; 1.619252346167591e-17
3087.958; 1.6386160011891962e-17
3088.439; 1.6118025160674183e-17
3088.922; 1.6309106647070595e-17
3089.404; 1.6219927017224533e-17
3089.886; 1.6196351446981974e-17
3090.368; 1.615801237046371e-17
3090.85; 1.6110652838606604e-17
3091.332; 1.605996942059055e-17
3091.814; 1.6015083567018392e-17
3092.296; 1.5902868515260788e-17
3092.779; 1.5994776318063562e-17
3093.261; 1.5896733005181116e-17
3093.743; 1.5873091854226027e-17
3094.225; 1.583886900516637e-17
3094.707; 1.5790762190177186e-17
3095.189; 1.5725665003468485e-17
3095.671; 1.564515988715557e-17
3096.153; 1.5558582116118916e-17
3096.635; 1.5397197418077418e-17
3097.118; 1.5442505682227045e-17
3097.6; 1.5308342414737783e-17
3098.082; 1.5269213135459454e-17
3098.564; 1.524436937592887e-17
3099.046; 1.522977287199072e-17
3099.528; 1.5216358000212608e-17
3100.01; 1.5198452855938632e-17
3100.492; 1.5091975126031692e-17
3100.975; 1.516866765283946e-17
3101.457; 1.503619368985018e-17
3101.939; 1.4972894950394034e-17
3102.421; 1.4905620191455264e-17
3102.903; 1.4840772715811637e-17
3103.385; 1.4779291936616604e-17
3103.867; 1.4723150067726323e-17
3104.349; 1.45929517645319e-17
3104.832; 1.4662902115278473e-17
3105.314; 1.454201068509206e-17
3105.796; 1.450984713876391e-17
3106.278; 1.4494365511179884e-17
3106.76; 1.4501766711101535e-17
3107.242; 1.4529536023044088e-17
3107.724; 1.4569002086736574e-17
3108.206; 1.4609974617104386e-17
3108.688; 1.4558735809911744e-17
3109.171; 1.4677371983697474e-17
3109.653; 1.4560056258952877e-17
3110.135; 1.4480349957069633e-17
3110.617; 1.436390018518774e-17
3111.099; 1.4222686820936413e-17
3111.581; 1.4067653610239905e-17
3112.063; 1.3912299387810783e-17
3112.545; 1.3686278423493194e-17
3113.028; 1.3672089421614791e-17
3113.51; 1.3476320652362636e-17
3113.992; 1.3377851583679151e-17
3114.474; 1.3299269669732731e-17
3114.956; 1.324338631120669e-17
3115.438; 1.3208221113734717e-17
3115.92; 1.3193065256592543e-17
3116.402; 1.3114912208123624e-17
3116.885; 1.3242678858904393e-17
3117.367; 1.3176500646156529e-17
3117.849; 1.3186276058750913e-17
3118.331; 1.3189397411251036e-17
3118.813; 1.3184073702791953e-17
3119.295; 1.3164962177155519e-17
3119.777; 1.3127689063218005e-17
3120.259; 1.3073938453969277e-17
3120.741; 1.2927876060270987e-17
3121.224; 1.2972112724202404e-17
3121.706; 1.2820205879476373e-17
3122.188; 1.2758377952815302e-17
3122.67; 1.2716233271871583e-17
3123.152; 1.2699612992321753e-17
3123.634; 1.2704863703808112e-17
3124.116; 1.2725840249649776e-17
3124.598; 1.2672392793949699e-17
3125.081; 1.2809274938986105e-17
3125.563; 1.2733864165048043e-17
3126.045; 1.2721360671619311e-17
3126.527; 1.2697800158412263e-17
3127.009; 1.2672733403631495e-17
3127.491; 1.2651170689276155e-17
3127.973; 1.2636820858173027e-17
3128.455; 1.2544183535378633e-17
3128.938; 1.2726163104313696e-17
3129.419; 1.2421023043831349e-17
3129.902; 1.2578801029006396e-17
3130.384; 1.2443756529127448e-17
3130.866; 1.2379025370906034e-17
3131.348; 1.2308938159255014e-17
3131.83; 1.2243803897337248e-17
3132.312; 1.2189818686036754e-17
3132.794; 1.215270688286947e-17
3133.276; 1.2051569962914138e-17
3133.759; 1.2157937114329934e-17
3134.241; 1.2064083699510038e-17
3134.723; 1.2039307869652392e-17
3135.205; 1.1998391359626485e-17
3135.687; 1.1941677534376276e-17
3136.169; 1.18698556268297e-17
3136.651; 1.1786808753429366e-17
3137.133; 1.1701749207308944e-17
3137.615; 1.1542045574967365e-17
3138.098; 1.159005708617548e-17
3138.58; 1.1449607265941777e-17
3139.062; 1.139831910100562e-17
3139.544; 1.1355273846726878e-17
3140.026; 1.1319643445809142e-17
3140.508; 1.1286024408562929e-17
3140.99; 1.1251144200443492e-17
3141.472; 1.1129942677534669e-17
3141.955; 1.1194676367803675e-17
3142.437; 1.1045468568981903e-17
3142.919; 1.0961814675947086e-17
3143.401; 1.0871477622588477e-17
3143.883; 1.0786581092976492e-17
3144.365; 1.0716091891836029e-17
3144.847; 1.0668961319317422e-17
3145.329; 1.0565801446991524e-17
3145.812; 1.0760024239047277e-17
3146.293; 1.0497407656032406e-17
3146.776; 1.071585714003988e-17
3147.258; 1.0659694428628134e-17
3147.74; 1.0679475976629443e-17
3148.222; 1.0690108447940304e-17
3148.704; 1.0692202159308075e-17
3149.186; 1.0683919568115861e-17
3149.668; 1.0665487325148859e-17
3150.15; 1.0554110235793134e-17
3150.633; 1.0622753130538005e-17
3151.115; 1.0471888611819837e-17
3151.597; 1.0381406159193619e-17
3152.079; 1.0280635340358015e-17
3152.561; 1.0183930318998478e-17
3153.043; 1.010216688028786e-17
3153.525; 1.0044838353392587e-17
3154.007; 9.933278279115148e-18
3154.49; 1.0034703632439768e-17
3154.972; 9.942152637211386e-18
3155.454; 9.91868751166593e-18
3155.936; 9.87841648689611e-18
3156.418; 9.823057878027233e-18
3156.9; 9.757006807869774e-18
3157.382; 9.688143918703516e-18
3157.864; 9.62743420475207e-18
3158.346; 9.50126969819595e-18
3158.829; 9.582196622252377e-18
3159.311; 9.471521845767676e-18
3159.793; 9.436356082958711e-18
3160.275; 9.394381753900263e-18
3160.757; 9.348249173700737e-18
3161.239; 9.301565053085994e-18
3161.721; 9.262757293414586e-18
3162.203; 9.158605594085407e-18
3162.686; 9.261567326161016e-18
3163.168; 9.176073351517246e-18
3163.65; 9.166859439126327e-18
3164.132; 9.148347325572905e-18
3164.614; 9.11775868536243e-18
3165.096; 9.073489343999936e-18
3165.578; 9.018936920774143e-18
3166.06; 8.964244729734336e-18
3166.542; 8.839482065642055e-18
3167.025; 8.920685917688453e-18
3167.507; 8.81632807376693e-18
3167.989; 8.792509062068393e-18
3168.471; 8.76336741608231e-18
3168.953; 8.723604184018535e-18
3169.435; 8.668200142925284e-18
3169.917; 8.600209863286773e-18
3170.399; 8.447717218609576e-18
3170.882; 8.489125555683121e-18
3171.364; 8.343921860921561e-18
3171.846; 8.28701441579298e-18
3172.328; 8.240871723166003e-18
3172.81; 8.201870128137564e-18
3173.292; 8.159072670621323e-18
3173.774; 8.103487120380698e-18
3174.256; 7.950145726229964e-18
3174.739; 7.964900551729653e-18
3175.221; 7.769952022310894e-18
3175.703; 7.646728838790244e-18
3176.185; 7.536780329326648e-18
3176.667; 7.458783600112629e-18
3177.149; 7.42143115981507e-18
3177.631; 7.423913839384797e-18
3178.113; 7.45899955942636e-18
3178.595; 7.434687264594105e-18
3179.078; 7.593533005696027e-18
3179.56; 7.539752245427545e-18
3180.042; 7.52678808548034e-18
3180.524; 7.479781065514817e-18
3181.006; 7.41077456515646e-18
3181.488; 7.334017971931305e-18
3181.97; 7.266465895233588e-18
3182.452; 7.142951195657584e-18
3182.935; 7.227080393249155e-18
3183.417; 7.137720685019913e-18
3183.899; 7.126912956621315e-18
3184.381; 7.109424029327737e-18
3184.863; 7.079300164250677e-18
3185.345; 7.031726784548334e-18
3185.827; 6.96908426227195e-18
3186.309; 6.818187906697475e-18
3186.792; 6.921898678069753e-18
3187.273; 6.581073853603907e-18
3187.756; 6.691578343554302e-18
3188.238; 6.555663845492646e-18
3188.72; 6.510200369324881e-18
3189.202; 6.480907034738788e-18
3189.684; 6.471483272693283e-18
3190.166; 6.481793267152048e-18
3190.648; 6.512080399805768e-18
3191.13; 6.4835111824217534e-18
3191.613; 6.642826559943089e-18
3192.095; 6.609058084694811e-18
3192.577; 6.6275118884056416e-18
3193.059; 6.6162531705390996e-18
3193.541; 6.574429154782924e-18
3194.023; 6.5041123232144785e-18
3194.505; 6.412926043552968e-18
3194.987; 6.31509614557404e-18
3195.469; 6.1498655792524816e-18
3195.952; 6.18064161140633e-18
3196.434; 6.046119716632388e-18
3196.916; 5.999600698986323e-18
3197.398; 5.963864529649727e-18
3197.88; 5.934354303623109e-18
3198.362; 5.90343746927888e-18
3198.844; 5.867894392706417e-18
3199.326; 5.753612108820227e-18
3199.809; 5.811531155691026e-18
3200.291; 5.686255223303433e-18
3200.773; 5.634156180541857e-18
3201.255; 5.590635053681223e-18
3201.737; 5.563041557949096e-18
3202.219; 5.552317681839292e-18
3202.701; 5.557522793581511e-18
3203.183; 5.4982635622162936e-18
3203.666; 5.687465016744918e-18
3204.147; 5.438871484170801e-18
3204.63; 5.60071823999496e-18
3205.112; 5.491404446617508e-18
3205.594; 5.431685747461843e-18
3206.076; 5.349589565720476e-18
3206.558; 5.252447747873543e-18
3207.04; 5.14744466141441e-18
3207.522; 5.045440649073462e-18
3208.004; 4.885580198043017e-18
3208.487; 4.914136716349926e-18
3208.969; 4.788735598553721e-18
3209.451; 4.7491698409287254e-18
3209.933; 4.723844802190734e-18
3210.415; 4.709490979624874e-18
3210.897; 4.698851350997494e-18
3211.379; 4.687507326483077e-18
3211.861; 4.6031598551066594e-18
3212.344; 4.6798905391812745e-18
3212.826; 4.5793950802911864e-18
3213.308; 4.541662651178022e-18
3213.79; 4.5038835084762464e-18
3214.272; 4.471629961584336e-18
3214.754; 4.4447273305459e-18
3215.236; 4.419916782457022e-18
3215.718; 4.394606787671691e-18
3216.2; 4.296885036532851e-18
3216.683; 4.354001899138838e-18
3217.165; 4.229822652522884e-18
3217.647; 4.15707435896766e-18
3218.129; 4.0737641844343304e-18
3218.611; 3.988800622228663e-18
3219.093; 3.909549358002033e-18
3219.575; 3.8452986257274576e-18
3220.057; 3.738120324465874e-18
3220.54; 3.8112051609550584e-18
3221.022; 3.745611925420275e-18
3221.504; 3.758682003804044e-18
3221.986; 3.781364050306795e-18
3222.468; 3.808783782965464e-18
3222.95; 3.8334622029815566e-18
3223.432; 3.849391505739512e-18
3223.914; 3.855653896060428e-18
3224.396; 3.787718324315348e-18
3224.879; 3.86932172682377e-18
3225.361; 3.780505437219732e-18
3225.843; 3.745932110622934e-18
3226.325; 3.7032846797845095e-18
3226.807; 3.656640744511127e-18
3227.289; 3.608443652578066e-18
3227.771; 3.564495930277952e-18
3228.253; 3.4668500441954128e-18
3228.736; 3.5363810289241944e-18
3229.218; 3.462275974222261e-18
3229.7; 3.4615621420704765e-18
3230.182; 3.4691781946498618e-18
3230.664; 3.482234549245224e-18
3231.146; 3.494397854234338e-18
3231.628; 3.50196834248262e-18
3232.11; 3.4382275075185304e-18
3232.593; 3.51840748579114e-18
3233.075; 3.428140437085527e-18
3233.557; 3.3863655913516785e-18
3234.039; 3.3326232264794793e-18
3234.521; 3.2713695564479798e-18
3235.003; 3.204812484281188e-18
3235.485; 3.135917997739799e-18
3235.967; 3.071125291424096e-18
3236.449; 2.955941485298726e-18
3236.932; 3.0015525723283098e-18
3237.414; 2.9127782472083914e-18
3237.896; 2.8973200574865058e-18
3238.378; 2.8951924700308002e-18
3238.86; 2.9059818289436252e-18
3239.342; 2.925847018328791e-18
3239.824; 2.9523144154188668e-18
3240.306; 2.9210396715767443e-18
3240.789; 3.033097200452555e-18
3241.271; 2.9835485544378375e-18
3241.753; 2.9749690496680042e-18
3242.235; 2.9446017809309434e-18
3242.717; 2.894390340069695e-18
3243.199; 2.8274618066410873e-18
3243.681; 2.7517641720615333e-18
3244.163; 2.6149365407963286e-18
3244.646; 2.6833397333385744e-18
3245.127; 2.4175206466921936e-18
3245.61; 2.4987574985221316e-18
3246.092; 2.390538296434187e-18
3246.574; 2.3433817670171717e-18
3247.056; 2.2982809668538108e-18
3247.538; 2.258879959052477e-18
3248.02; 2.2293844842823872e-18
3248.502; 2.216330535117962e-18
3248.984; 2.1685745546499973e-18
3249.467; 2.269914608898762e-18
3249.949; 2.242964953889045e-18
3250.431; 2.263895505907735e-18
3250.913; 2.267510965257018e-18
3251.395; 2.2478889112267122e-18
3251.877; 2.203217090811689e-18
3252.359; 2.138445874573021e-18
3252.841; 2.0651858521881727e-18
3253.323; 1.94206560959674e-18
3253.806; 1.9562282131502515e-18
3254.288; 1.851767959434437e-18
3254.77; 1.8062834425031258e-18
3255.252; 1.7653256694721843e-18
3255.734; 1.7274141928613147e-18
3256.216; 1.6906733655334393e-18
3256.698; 1.6568043577293982e-18
3257.18; 1.5792342065856979e-18
3257.663; 1.62482456167951e-18
3258.145; 1.5543209688151981e-18
3258.627; 1.5329684972011643e-18
3259.109; 1.5125290301646614e-18
3259.591; 1.494545342106421e-18
3260.073; 1.4796552567003234e-18
3260.555; 1.4705399459498351e-18
3261.037; 1.4205971260444675e-18
3261.52; 1.5371282664389299e-18
3262.001; 1.3795970322708254e-18
3262.484; 1.4949112445820474e-18
3262.966; 1.441596031389622e-18
3263.448; 1.4219733875921187e-18
3263.93; 1.385687272621368e-18
3264.412; 1.3353714438388046e-18
3264.894; 1.2755349362531563e-18
3265.376; 1.2141500404753403e-18
3265.858; 1.1158727542008719e-18
3266.341; 1.1297703364526652e-18
3266.823; 1.050266367828859e-18
3267.305; 1.0211621832666106e-18
3267.787; 1.0007023901376185e-18
3268.269; 9.891982326066545e-19
3268.751; 9.854760001157378e-19
3269.233; 9.897629508024247e-19
3269.715; 9.615488530011344e-19
3270.198; 1.0344952018238433e-18
3270.68; 1.0075397784844855e-18
3271.162; 1.0139849823659038e-18
3271.644; 1.0104461516996676e-18
3272.126; 9.959314932882438e-19
3272.608; 9.703810964682371e-19
3273.09; 9.367745264474183e-19
3273.572; 9.020946882254857e-19
3274.054; 8.35768723703996e-19
3274.537; 8.719574529021688e-19
3275.019; 8.271051663384704e-19
3275.501; 8.2894116376375535e-19
3275.983; 8.359420417177129e-19
3276.465; 8.421978773765393e-19
3276.947; 8.397643972157668e-19
3277.429; 8.23978944926619e-19
3277.911; 7.573800809608536e-19
3278.394; 7.674047121673005e-19
3278.876; 6.832005419316112e-19
3279.358; 6.358492277695496e-19
3279.84; 5.968478612289062e-19
3280.322; 5.701135648210589e-19
3280.804; 5.538280801273624e-19
3281.286; 5.425449270905126e-19
3281.768; 5.301582460588104e-19
3282.25; 4.808097069794921e-19
3282.733; 4.92888508530118e-19
3283.215; 4.22157000012485e-19
3283.697; 3.7518183016644185e-19
3284.179; 3.3130012618059766e-19
3284.661; 2.9838633342403903e-19
3285.143; 2.8032760491888974e-19
3285.625; 2.784878644968848e-19
3286.107; 2.6807458852585356e-19
3286.59; 3.227870929938918e-19
3287.072; 3.1992314378196537e-19
3287.554; 3.337296393584943e-19
3288.036; 3.356975849223278e-19
3288.518; 3.2580964572057356e-19
3289.0; 3.072087006475903e-19
3289.482; 2.8614615353065212e-19
3289.964; 2.4612944937945166e-19
3290.447; 2.660943613252417e-19
3290.929; 2.378679707031491e-19
3291.411; 2.3551315621895117e-19
3291.893; 2.348632071233276e-19
3292.375; 2.337233191526654e-19
3292.857; 2.2962911709068215e-19
3293.339; 2.2136412564737994e-19
3293.821; 2.098321449050058e-19
3294.303; 1.7715910717657696e-19
3294.786; 1.8964596317562995e-19
3295.268; 1.5432045084854159e-19
3295.75; 1.360778625947234e-19
3296.232; 1.17007073147319e-19
3296.714; 9.846555018032645e-20
3297.196; 8.142506224070021e-20
3297.678; 6.724656867802551e-20
3298.16; 4.628927929148732e-20
3298.643; 5.373329194580569e-20
3299.125; 3.8888953674538324e-20
3299.607; 3.55982043907653e-20
3300.089; 3.347757326056127e-20
3300.571; 3.242003308563644e-20
3301.053; 3.219547294982856e-20
3301.535; 3.300024328867626e-20
3302.017; 2.6653176360577367e-20
3302.5; 5.0707479998433267e-20
3302.981; 2.3315973126658653e-20
3303.464; 4.5777505247028383e-20
3303.946; 3.745677703304383e-20
3304.428; 3.689395000610859e-20
3304.91; 3.478254491028979e-20
3305.392; 3.1983401106461524e-20
3305.874; 2.919254956251276e-20
3306.356; 2.7129787562298875e-20
3306.838; 1.8986962079700574e-20
3307.321; 2.819529045420742e-20
3307.803; 1.918786738091439e-20
3308.285; 1.6010489861413516e-20
3308.767; 1.1685101672412959e-20
3309.249; 7.11374061119784e-21
3309.731; 3.217775529136444e-21
3310.213; 7.449028882989495e-22
3310.695; 1.29398918477802e-24
3311.177; 2.566130693841879e-21
3311.66; 1.528622394067791e-21
3312.142; 7.025182729937499e-21
3312.624; 1.049913050013157e-20
3313.106; 1.3779359396083425e-20
3313.588; 1.608931980832213e-20
3314.07; 1.7175201128404753e-20
3314.552; 1.7178503687283122e-20
3315.034; 2.3747232008473493e-20
3315.517; 1.4761548134587492e-20
3315.999; 2.4260593288798396e-20
3316.481; 3.0541794109154805e-20
3316.963; 3.9926354533335806e-20
3317.445; 5.08373242720008e-20
3317.927; 6.093775962142984e-20
3318.409; 6.762659879847012e-20
3318.891; 8.416597074454089e-20
3319.374; 5.312139893204519e-20
3319.855; 9.976181620207295e-20
3320.338; 6.706668920297983e-20
3320.82; 8.555041262571407e-20
3321.302; 9.356685546636839e-20
3321.784; 1.0360136989386077e-19
3322.266; 1.1373129517250747e-19
3322.748; 1.234568849643123e-19
3323.23; 1.3338754034935536e-19
3323.712; 1.6586910968426543e-19
3324.195; 1.560775532592949e-19
3324.677; 2.0680767396248084e-19
3325.159; 2.481241747877132e-19
3325.641; 2.9649003677788066e-19
3326.123; 3.4326492466488983e-19
3326.605; 3.7946735300392466e-19
3327.087; 3.9795949787510575e-19
3327.569; 4.3137509742870877e-19
3328.052; 3.7187982681654975e-19
3328.534; 3.8917224847170866e-19
3329.016; 3.794898584250894e-19
3329.498; 3.7881562988088246e-19
3329.98; 3.879176310604655e-19
3330.462; 4.072177248902806e-19
3330.944; 4.365594576422639e-19
3331.426; 4.744736535102373e-19
3331.908; 5.589417279001238e-19
3332.391; 5.56221781222072e-19
3332.873; 6.600643169149056e-19
3333.355; 7.301060878951592e-19
3333.837; 8.00585394251299e-19
3334.319; 8.638879407535903e-19
3334.801; 9.154307808311543e-19
3335.283; 9.517962474000334e-19
3335.765; 1.0281678411508003e-18
3336.248; 9.630667064576232e-19
3336.73; 1.0294957905495353e-18
3337.212; 1.046738044785649e-18
3337.694; 1.071333306815545e-18
3338.176; 1.1037916385954953e-18
3338.658; 1.1459256102278747e-18
3339.14; 1.1981625713508281e-18
3339.622; 1.2562286585445543e-18
3340.104; 1.3783475123187058e-18
3340.587; 1.337084940451062e-18
3341.069; 1.444807453617604e-18
3341.551; 1.4748156709794502e-18
3342.033; 1.4915455765758552e-18
3342.515; 1.4987573905766873e-18
3342.997; 1.506318219963507e-18
3343.479; 1.5217663608566177e-18
3343.961; 1.6214471216708675e-18
3344.444; 1.5642488847362156e-18
3344.926; 1.6986233131291495e-18
3345.408; 1.7753551354148375e-18
3345.89; 1.860373439006474e-18
3346.372; 1.9507595735933036e-18
3346.854; 2.0501235605561147e-18
3347.336; 2.159335857119854e-18
3347.818; 2.3637127354440425e-18
3348.301; 2.3485987547546975e-18
3348.783; 2.5330187598576902e-18
3349.265; 2.5825730482783495e-18
3349.747; 2.565348354579974e-18
3350.229; 2.4753545694762844e-18
3350.711; 2.332314385945615e-18
3351.193; 2.171634035549638e-18
3351.675; 2.028916309265201e-18
3352.157; 2.0152193380388474e-18
3352.64; 1.872713262454078e-18
3353.122; 2.0045507658154153e-18
3353.604; 2.130101024196529e-18
3354.086; 2.3088544298419116e-18
3354.568; 2.5101928057181097e-18
3355.05; 2.7031904008159206e-18
3355.532; 2.857588667391453e-18
3356.014; 3.0596855354050444e-18
3356.497; 2.9523387725066855e-18
3356.979; 3.0609381490200944e-18
3357.461; 3.0502410961189386e-18
3357.943; 3.0465582338774264e-18
3358.425; 3.069147886452465e-18
3358.907; 3.135805666250211e-18
3359.389; 3.2523203989400564e-18
3359.871; 3.534005178728525e-18
3360.354; 3.4589591321953124e-18
3360.835; 4.1023033929088734e-18
3361.318; 4.025582335138878e-18
3361.8; 4.3667573357207754e-18
3362.282; 4.563027572182825e-18
3362.764; 4.747158255227291e-18
3363.246; 4.920838902733785e-18
3363.728; 5.084557488423647e-18
3364.21; 5.223562247579185e-18
3364.692; 5.465580910332594e-18
3365.175; 5.285736081483346e-18
3365.657; 5.407236854931025e-18
3366.139; 5.3328893067265715e-18
3366.621; 5.233744641860966e-18
3367.103; 5.140650989427246e-18
3367.585; 5.089442354894555e-18
3368.067; 5.104914862635166e-18
3368.549; 5.1892438681864135e-18
3369.031; 5.479756082731699e-18
3369.514; 5.439290385826646e-18
3369.996; 5.786369243321681e-18
3370.478; 5.9775788138189524e-18
3370.96; 6.147773247101567e-18
3371.442; 6.288369420288806e-18
3371.924; 6.405411172361498e-18
3372.406; 6.502526015169002e-18
3372.888; 6.755292860679785e-18
3373.371; 6.584455734753651e-18
3373.853; 6.832414230135042e-18
3374.335; 6.911999008170911e-18
3374.817; 6.986959508434099e-18
3375.299; 7.049895307348395e-18
3375.781; 7.104297247206953e-18
3376.263; 7.152818533279014e-18
3376.745; 7.392472569886297e-18
3377.228; 7.033396736022246e-18
3377.709; 7.784839379824899e-18
3378.192; 7.490997405917244e-18
3378.674; 7.886911449163086e-18
3379.156; 8.13987679620751e-18
3379.638; 8.430179682000375e-18
3380.12; 8.737748021321402e-18
3380.602; 9.048057168832832e-18
3381.084; 9.341319209248536e-18
3381.566; 9.822907922124514e-18
3382.049; 9.741345035817758e-18
3382.531; 1.0171975908557138e-17
3383.013; 1.03541972654149e-17
3383.495; 1.0490417993901775e-17
3383.977; 1.0558763629316913e-17
3384.459; 1.0552101223420752e-17
3384.941; 1.0468022239584531e-17
3385.423; 1.0551343717648925e-17
3385.906; 1.0057146139686179e-17
3386.388; 1.014010823541702e-17
3386.87; 1.0060716446071035e-17
3387.352; 1.0056625204674935e-17
3387.834; 1.0122576488952308e-17
3388.316; 1.0249683230475076e-17
3388.798; 1.0422228118481178e-17
3389.28; 1.0615912211075644e-17
3389.762; 1.1055818541454233e-17
3390.245; 1.0931043934050914e-17
3390.727; 1.1434734445984104e-17
3391.209; 1.176753887521371e-17
3391.691; 1.2179863691952459e-17
3392.173; 1.2666552472827431e-17
3392.655; 1.3214259567833696e-17
3393.137; 1.3781106746617801e-17
3393.619; 1.4600231964473255e-17
3394.102; 1.464306894429637e-17
3394.584; 1.5287339593843203e-17
3395.066; 1.552489245170343e-17
3395.548; 1.5648710024488332e-17
3396.03; 1.5682268843814742e-17
3396.512; 1.5675172426173734e-17
3396.994; 1.5675163736765787e-17
3397.476; 1.5701991224889276e-17
3397.958; 1.60613622752776e-17
3398.441; 1.5702323026502296e-17
3398.923; 1.6100871530326887e-17
3399.405; 1.6199367292750962e-17
3399.887; 1.6289930980811593e-17
3400.369; 1.637592285003773e-17
3400.851; 1.648666606495018e-17
3401.333; 1.664278853642638e-17
3401.815; 1.7179232595078547e-17
3402.298; 1.7002434418906418e-17
3402.78; 1.768024844620537e-17
3403.262; 1.8085363845872877e-17
3403.744; 1.850941316704279e-17
3404.226; 1.8931753403629994e-17
3404.708; 1.9363157573666214e-17
3405.19; 1.9814157428119462e-17
3405.672; 2.0662537121214288e-17
3406.155; 2.0668835260391456e-17
3406.637; 2.1621160723840547e-17
3407.119; 2.222722329959698e-17
3407.601; 2.2807232469356424e-17
3408.083; 2.3318960137012602e-17
3408.565; 2.3758562485400212e-17
3409.047; 2.414228762035746e-17
3409.529; 2.4475909276323003e-17
3410.011; 2.517552607289158e-17
3410.494; 2.4816716701372715e-17
3410.976; 2.5422010373651838e-17
3411.458; 2.5548828004298102e-17
3411.94; 2.5598483224797895e-17
3412.422; 2.5583166991474217e-17
3412.904; 2.556266933478692e-17
3413.386; 2.5598023392204255e-17
3413.868; 2.6176841699709e-17
3414.351; 2.5872557991568366e-17
3414.833; 2.679386076311909e-17
3415.315; 2.7420732107886476e-17
3415.797; 2.809153206411658e-17
3416.279; 2.870212911360915e-17
3416.761; 2.9185813379717105e-17
3417.243; 2.949997364999346e-17
3417.725; 3.013817236663309e-17
3418.208; 2.9070495875634336e-17
3418.689; 3.073763179311703e-17
3419.172; 2.9667183711251835e-17
3419.654; 3.0330000923631244e-17
3420.136; 3.0681755380042306e-17
3420.618; 3.123299481701633e-17
3421.1; 3.1975739727952313e-17
3421.582; 3.289146364000366e-17
3422.064; 3.3918779282702186e-17
3422.546; 3.551639873357269e-17
3423.029; 3.579838799547459e-17
3423.511; 3.7332279933425714e-17
3423.993; 3.821578110596379e-17
3424.475; 3.8920921443486885e-17
3424.957; 3.9381105844382375e-17
3425.439; 3.956778619160133e-17
3425.921; 3.947625394869592e-17
3426.403; 3.9112733261388606e-17
3426.885; 3.909610518796469e-17
3427.368; 3.7614015913086265e-17
3427.85; 3.754872789735989e-17
3428.332; 3.7122414362119734e-17
3428.814; 3.696233885694912e-17
3429.296; 3.708177877014009e-17
3429.778; 3.7456751790367645e-17
3430.26; 3.7998375851940464e-17
3430.742; 3.917666098827568e-17
3431.225; 3.8971845656526655e-17
3431.707; 4.0163157933781726e-17
3432.189; 4.080424207904278e-17
3432.671; 4.1496231255115273e-17
3433.153; 4.226519529225708e-17
3433.635; 4.314069906220751e-17
3434.117; 4.4097532530005925e-17
3434.599; 4.5741669174518945e-17
3435.082; 4.5179688974167006e-17
3435.563; 4.834019298297879e-17
3436.046; 4.7525822319806555e-17
3436.528; 4.8852393154011335e-17
3437.01; 4.9416792138991084e-17
3437.492; 4.993917436904487e-17
3437.974; 5.0446649966973356e-17
3438.456; 5.0972542820962934e-17
3438.938; 5.1499506568072675e-17
3439.42; 5.2694189113910376e-17
3439.903; 5.212200863502602e-17
3440.385; 5.3192536788522165e-17
3440.867; 5.3467407924464817e-17
3441.349; 5.362180265168728e-17
3441.831; 5.366180921881899e-17
3442.313; 5.3665477816845557e-17
3442.795; 5.371433912732723e-17
3443.277; 5.4616518096999375e-17
3443.76; 5.3968296517266177e-17
3444.242; 5.530458146378934e-17
3444.724; 5.605311556485713e-17
3445.206; 5.675099893193078e-17
3445.688; 5.720221432968525e-17
3446.17; 5.731329277028496e-17
3446.652; 5.711490919132952e-17
3447.134; 5.673503817071829e-17
3447.616; 5.713758805409724e-17
3448.099; 5.601694595453014e-17
3448.581; 5.720272931825875e-17
3449.063; 5.819549209374341e-17
3449.545; 5.961962883787098e-17
3450.027; 6.124425978307592e-17
3450.509; 6.283819302710303e-17
3450.991; 6.419985005948675e-17
3451.473; 6.609113024685643e-17
3451.956; 6.57466843322981e-17
3452.438; 6.743132426429892e-17
3452.92; 6.844953298460213e-17
3453.402; 6.970849689237378e-17
3453.884; 7.116065767068604e-17
3454.366; 7.268730729995105e-17
3454.848; 7.407308188026413e-17
3455.33; 7.602405296062801e-17
3455.813; 7.527519681027273e-17
3456.295; 7.628877856849646e-17
3456.777; 7.597862726499303e-17
3457.259; 7.537466475423561e-17
3457.741; 7.464346096729818e-17
3458.223; 7.402595269754222e-17
3458.705; 7.376336180552832e-17
3459.187; 7.401923816967263e-17
3459.669; 7.580869984946487e-17
3460.152; 7.598193011105284e-17
3460.634; 7.896986663402859e-17
3461.116; 8.135568687307353e-17
3461.598; 8.375017400684876e-17
3462.08; 8.58504105506598e-17
3462.562; 8.751071893642358e-17
3463.044; 8.871654986103762e-17
3463.526; 9.066302088064003e-17
3464.009; 9.001825017762903e-17
3464.491; 9.21700531494638e-17
3464.973; 9.364957451506378e-17
3465.455; 9.546600753003786e-17
3465.937; 9.744927115182369e-17
3466.419; 9.942455098631574e-17
3466.901; 1.012465180867262e-16
3467.383; 1.0281106618569341e-16
3467.865; 1.0529715453603193e-16
3468.348; 1.0484552068053854e-16
3468.83; 1.0733559001016385e-16
3469.312; 1.0886744243442032e-16
3469.794; 1.10594947169957e-16
3470.276; 1.1239920306011341e-16
3470.758; 1.1414065157447533e-16
3471.24; 1.156081484409965e-16
3471.722; 1.178706562789096e-16
3472.205; 1.1655761851021133e-16
3472.687; 1.1779199020189647e-16
3473.169; 1.173564474705199e-16
3473.651; 1.1661327283540047e-16
3474.133; 1.1573593902775238e-16
3474.615; 1.1498966496248107e-16
3475.097; 1.1459072034605077e-16
3475.579; 1.159772124232629e-16
3476.062; 1.1370986627619413e-16
3476.543; 1.1923300405231486e-16
3477.026; 1.175555932784536e-16
3477.508; 1.2005218562322583e-16
3477.99; 1.2076652447862358e-16
3478.472; 1.2075477781774708e-16
3478.954; 1.1991523255920638e-16
3479.436; 1.1835251990063393e-16
3479.918; 1.1623271453338325e-16
3480.4; 1.1500827996955816e-16
3480.883; 1.1068411196081912e-16
3481.365; 1.0946477411487104e-16
3481.847; 1.0729311900697352e-16
3482.329; 1.05433721212772e-16
3482.811; 1.0391293450651909e-16
3483.293; 1.0279124687797691e-16
3483.775; 1.0205463320555531e-16
3484.257; 1.0283353698053443e-16
3484.74; 1.0093923017780173e-16
3485.222; 1.0205513341192302e-16
3485.704; 1.0187999439529073e-16
3486.186; 1.0139528719238501e-16
3486.668; 1.0048055894433754e-16
3487.15; 9.920117448321236e-17
3487.632; 9.772892690357913e-17
3488.114; 9.621806843940169e-17
3488.596; 9.59959427258437e-17
3489.079; 9.296332806878375e-17
3489.561; 9.297462148668854e-17
3490.043; 9.172402425702688e-17
3490.525; 9.018678778423922e-17
3491.007; 8.819017221517761e-17
3491.489; 8.572922458137072e-17
3491.971; 8.287823089075054e-17
3492.453; 8.097628565159782e-17
3492.936; 7.515743275998235e-17
3493.417; 7.598338016839206e-17
3493.9; 7.041028895997441e-17
3494.382; 6.869489852362239e-17
3494.864; 6.60278181418778e-17
3495.346; 6.353677736023555e-17
3495.828; 6.126751188171872e-17
3496.31; 5.931796351734414e-17
3496.792; 5.773357191131568e-17
3497.274; 5.750876235489313e-17
3497.757; 5.5291977832898355e-17
3498.239; 5.582686812693765e-17
3498.721; 5.575147935152174e-17
3499.203; 5.597949827271958e-17
3499.685; 5.6492103220714e-17
3500.167; 5.734808389245591e-17
3500.649; 5.858253430799426e-17
3501.131; 6.127762724970822e-17
3501.614; 6.178488733638645e-17
3502.096; 6.52854702985316e-17
3502.578; 6.795404841809793e-17
3503.06; 7.067959814063046e-17
3503.542; 7.328557662870694e-17
3504.024; 7.571188347890354e-17
3504.506; 7.797096841832418e-17
3504.988; 8.006619094793425e-17
3505.47; 8.335346459976844e-17
3505.953; 8.330990673820739e-17
3506.435; 8.652734633373107e-17
3506.917; 8.840577847538084e-17
3507.399; 9.02466139699762e-17
3507.881; 9.200556527575348e-17
3508.363; 9.371170365026078e-17
3508.845; 9.535109984479043e-17
3509.327; 9.840003599108683e-17
3509.81; 9.780339682368551e-17
3510.292; 1.0086739124655146e-16
3510.774; 1.0250751943362351e-16
3511.256; 1.042058955239864e-16
3511.738; 1.05971715372364e-16
3512.22; 1.0788801485539216e-16
3512.702; 1.0994843080796787e-16
3513.184; 1.13725347889228e-16
3513.667; 1.134362893514107e-16
3514.149; 1.169543021913223e-16
3514.631; 1.183253053456521e-16
3515.113; 1.189553735991354e-16
3515.595; 1.187543555086846e-16
3516.077; 1.1793619703435172e-16
3516.559; 1.1691321102159408e-16
3517.041; 1.1612744729991938e-16
3517.523; 1.1770443363960755e-16
3518.006; 1.162324781438905e-16
3518.488; 1.2016208497746548e-16
3518.97; 1.2362851900073697e-16
3519.452; 1.2795083174848228e-16
3519.934; 1.3256753297690005e-16
3520.416; 1.3692026300450805e-16
3520.898; 1.4044597462019846e-16
3521.38; 1.447447508610407e-16
3521.863; 1.4306489219352592e-16
3522.345; 1.452573070535575e-16
3522.827; 1.4503525987505365e-16
3523.309; 1.4483734983224255e-16
3523.791; 1.4511100858701921e-16
3524.273; 1.462612208428601e-16
3524.755; 1.4847292798597028e-16
3525.237; 1.5157718617510557e-16
3525.719; 1.5726283216841605e-16
3526.202; 1.5788006830846097e-16
3526.684; 1.6322848564452447e-16
3527.166; 1.6571967561122308e-16
3527.648; 1.6726053786133774e-16
3528.13; 1.6787326321787808e-16
3528.612; 1.6784903614751043e-16
3529.094; 1.6747370008313478e-16
3529.576; 1.6921787291202432e-16
3530.059; 1.6583730601713806e-16
3530.541; 1.6822015680124766e-16
3531.023; 1.689464681580051e-16
3531.505; 1.7013103128445954e-16
3531.987; 1.716524733378374e-16
3532.469; 1.7344216499159628e-16
3532.951; 1.7530825176686322e-16
3533.433; 1.794123977116436e-16
3533.916; 1.7534661641167445e-16
3534.397; 1.8443594673633863e-16
3534.88; 1.7937985880545085e-16
3535.362; 1.821023638946357e-16
3535.844; 1.8275061130407932e-16
3536.326; 1.8433776352095284e-16
3536.808; 1.8746707105889076e-16
3537.29; 1.9267024210582902e-16
3537.772; 2.0007469866923132e-16
3538.254; 2.120289774514429e-16
3538.737; 2.1883733753171116e-16
3539.219; 2.3250972104622525e-16
3539.701; 2.4255410697322725e-16
3540.183; 2.5042879766406397e-16
3540.665; 2.5524470485506867e-16
3541.147; 2.568155078340979e-16
3541.629; 2.554541323194117e-16
3542.111; 2.5489307673275805e-16
3542.594; 2.4622619915790395e-16
3543.076; 2.4477493361780223e-16
3543.558; 2.4139663782882745e-16
3544.04; 2.392500458244545e-16
3544.522; 2.3820716307437815e-16
3545.004; 2.3798302795330474e-16
3545.486; 2.3818688733799065e-16
3545.968; 2.383955630616458e-16
3546.45; 2.4126186861671185e-16
3546.933; 2.3736728301616145e-16
3547.415; 2.4091086653586164e-16
3547.897; 2.4271701330755032e-16
3548.379; 2.4577292913940823e-16
3548.861; 2.4996464627095256e-16
3549.343; 2.5501478135796213e-16
3549.825; 2.6037334128408325e-16
3550.307; 2.686452549313216e-16
3550.79; 2.660164537648002e-16
3551.271; 2.8077004151499126e-16
3551.754; 2.7673719479515126e-16
3552.236; 2.8289023408431753e-16
3552.718; 2.8554825688234597e-16
3553.2; 2.878892989795457e-16
3553.682; 2.8977569636388887e-16
3554.164; 2.912051351667106e-16
3554.646; 2.9218565780277346e-16
3555.128; 2.9612088660987633e-16
3555.611; 2.9250072666466423e-16
3556.093; 2.973722715849297e-16
3556.575; 3.0000920567278916e-16
3557.057; 3.033965981566199e-16
3557.539; 3.0704150968633464e-16
3558.021; 3.1045767427058094e-16
3558.503; 3.131179308240036e-16
3558.985; 3.180931359092369e-16
3559.468; 3.141568514569521e-16
3559.95; 3.179617959139502e-16
3560.432; 3.1856416078697024e-16
3560.914; 3.195167905977602e-16
3561.396; 3.20902036403695e-16
3561.878; 3.2284839835315613e-16
3562.36; 3.2545223869588763e-16
3562.842; 3.286771885422241e-16
3563.324; 3.359331769028085e-16
3563.807; 3.355086489352827e-16
3564.289; 3.439907741062936e-16
3564.771; 3.49113683727481e-16
3565.253; 3.5341427403759736e-16
3565.735; 3.5591446038653433e-16
3566.217; 3.560143016269717e-16
3566.699; 3.534773750983395e-16
3567.181; 3.5207320781050796e-16
3567.664; 3.4098181610492526e-16
3568.146; 3.3782943532309994e-16
3568.628; 3.316713722055418e-16
3569.11; 3.259683925128809e-16
3569.592; 3.2031336842174596e-16
3570.074; 3.141557837102273e-16
3570.556; 3.0683120522913784e-16
3571.038; 3.0125384251983084e-16
3571.521; 2.862846243532969e-16
3572.003; 2.7841765931428436e-16
3572.485; 2.6706033814906626e-16
3572.967; 2.5586062956715e-16
3573.449; 2.45034724571168e-16
3573.931; 2.3476806625057825e-16
3574.413; 2.2515472986983894e-16
3574.895; 2.1616932794960047e-16
3575.377; 2.1084386797608918e-16
3575.86; 1.9926534106207086e-16
3576.342; 1.9595824152615205e-16
3576.824; 1.9088344147609227e-16
3577.306; 1.8647408853592344e-16
3577.788; 1.8199776853256006e-16
3578.27; 1.767312017821532e-16
3578.752; 1.69975273391763e-16
3579.234; 1.6401162371743684e-16
3579.717; 1.5013914044700112e-16
3580.199; 1.4150180660537883e-16
3580.681; 1.3026840749409388e-16
3581.163; 1.1962240636778294e-16
3581.645; 1.1005902759404552e-16
3582.127; 1.0189941915723473e-16
3582.609; 9.520032666856605e-17
3583.091; 8.976366332817383e-17
3583.573; 8.725444786389799e-17
3584.056; 8.115293543352868e-17
3584.538; 8.061192995482896e-17
3585.02; 7.949257644421016e-17
3585.502; 7.972401321851125e-17
3585.984; 8.132707616415999e-17
3586.466; 8.423483723868278e-17
3586.948; 8.809786260200738e-17
3587.43; 9.444838005297869e-17
3587.913; 9.556304075730293e-17
3588.395; 1.0116081349430107e-16
3588.877; 1.036576547855134e-16
3589.359; 1.0508256901585868e-16
3589.841; 1.056330462288323e-16
3590.323; 1.0577386028300184e-16
3590.805; 1.058832113767304e-16
3591.287; 1.0859479934499495e-16
3591.77; 1.0368258654955373e-16
3592.251; 1.1252059624029659e-16
3592.734; 1.0740136058571057e-16
3593.216; 1.0992608349509506e-16
3593.698; 1.0966196434741619e-16
3594.18; 1.0916282082849228e-16
3594.662; 1.0870505642456353e-16
3595.144; 1.0871946721022641e-16
3595.626; 1.0955568403353547e-16
3596.108; 1.1405133011465633e-16
3596.591; 1.1415963430811616e-16
3597.073; 1.2258673507262718e-16
3597.555; 1.3119902403084998e-16
3598.037; 1.4269413865480771e-16
3598.519; 1.5681125519438595e-16
3599.001; 1.7273216352650222e-16
3599.483; 1.887512834210264e-16
3599.965; 2.0654617788306585e-16
3600.448; 2.110721508083132e-16
3600.93; 2.2060172247732322e-16
3601.412; 2.223199146642949e-16
3601.894; 2.2195447227283887e-16
3602.376; 2.2181791712595547e-16
3602.858; 2.241580454114004e-16
3603.34; 2.3033014626409217e-16
3603.822; 2.4025288944496134e-16
3604.304; 2.572452722200431e-16
3604.787; 2.634899846293571e-16
3605.269; 2.801129388837687e-16
3605.751; 2.902363655366291e-16
3606.233; 2.992939635664315e-16
3606.715; 3.092749507817161e-16
3607.197; 3.2299566915923596e-16
3607.679; 3.428442857409164e-16
3608.161; 3.764948497220543e-16
3608.644; 3.9664777006862385e-16
3609.125; 4.606147847117164e-16
3609.608; 4.885362502320365e-16
3610.09; 5.409009823320631e-16
3610.572; 5.851894368426024e-16
3611.054; 6.281168254391502e-16
3611.536; 6.695288751270354e-16
3612.018; 7.095071576193291e-16
3612.5; 7.477075440292297e-16
3612.982; 7.916420195927331e-16
3613.465; 8.166093248182555e-16
3613.947; 8.604454385077612e-16
3614.429; 8.996364307154083e-16
3614.911; 9.413152139099368e-16
3615.393; 9.824937742282757e-16
3615.875; 1.0173651013163175e-15
3616.357; 1.0385861065805764e-15
3616.839; 1.0393159921368639e-15
3617.322; 1.0212281184826355e-15
3617.804; 9.736856518005981e-16
3618.286; 9.069741679068525e-16
3618.768; 8.207532868798848e-16
3619.25; 7.221422425860202e-16
3619.732; 6.223323865865131e-16
3620.214; 5.332276957129094e-16
3620.696; 4.628758481120386e-16
3621.178; 4.0502579341777987e-16
3621.661; 3.823555403623541e-16
3622.143; 3.506667455286334e-16
3622.625; 3.2850510589424965e-16
3623.107; 3.023070161090963e-16
3623.589; 2.6880558090156194e-16
3624.071; 2.281978788038236e-16
3624.553; 1.8417160318742057e-16
3625.035; 1.3746662610310637e-16
3625.518; 1.0574206483270478e-16
3626.0; 7.241917487781754e-17
3626.482; 4.952490662521913e-17
3626.964; 3.2822957346288265e-17
3627.446; 2.1127708950313894e-17
3627.928; 1.3223780497120454e-17
3628.41; 8.10154713540228e-18
3628.892; 4.430261588983969e-18
3629.375; 3.0906777992855497e-18
3629.857; 1.510060393868197e-18
3630.339; 6.908268962540749e-19
3630.821; 1.68961138370299e-19
3631.303; 2.895504833521224e-21
3631.785; 3.101574357041687e-19
3632.267; 1.1319664134054072e-18
3632.749; 2.3324607780190505e-18
3633.231; 3.967805988535889e-18
3633.714; 4.721708205638321e-18
3634.196; 6.132644060408354e-18
3634.678; 7.094590702729982e-18
3635.16; 8.126134733585673e-18
3635.642; 9.420295627290969e-18
3636.124; 1.1145120271506246e-17
3636.606; 1.3351607565004048e-17
3637.088; 1.6481618005924284e-17
3637.571; 1.853402468412986e-17
3638.053; 2.186681190782286e-17
3638.535; 2.4362867494070534e-17
3639.017; 2.6387892716750568e-17
3639.499; 2.78681017461293e-17
3639.981; 2.885936174504724e-17
3640.463; 2.948614340692359e-17
3640.945; 2.9873457809348007e-17
3641.427; 3.072543223521419e-17
3641.91; 3.014736802764324e-17
3642.392; 3.1066365886825116e-17
3642.874; 3.14811595527647e-17
3643.356; 3.1917175556831706e-17
3643.838; 3.227781680994662e-17
3644.32; 3.247716035735747e-17
3644.802; 3.241657961592997e-17
3645.284; 3.259469976079055e-17
3645.767; 3.106429910378662e-17
3646.249; 3.061056631401724e-17
3646.731; 2.936082842651298e-17
3647.213; 2.7936168391843976e-17
3647.695; 2.6425706256365425e-17
3648.177; 2.4971953748142792e-17
3648.659; 2.372005200433098e-17
3649.141; 2.333045125091175e-17
3649.624; 2.1678769126299814e-17
3650.105; 2.3460103350621032e-17
3650.588; 2.2668091728817858e-17
3651.07; 2.3873403106715025e-17
3651.552; 2.4620128995700754e-17
3652.034; 2.5230483095718122e-17
3652.516; 2.5538170609198682e-17
3652.998; 2.5478997645398767e-17
3653.48; 2.5074455162644712e-17
3653.962; 2.496523107097685e-17
3654.445; 2.3594693493571997e-17
3654.927; 2.3673705218194264e-17
3655.409; 2.3581228626244906e-17
3655.891; 2.382548681479931e-17
3656.373; 2.4299456860249568e-17
3656.855; 2.4857959249840536e-17
3657.337; 2.5339183225560588e-17
3657.819; 2.615864241781019e-17
3658.302; 2.550351146216894e-17
3658.784; 2.597262638657505e-17
3659.266; 2.5833010466977327e-17
3659.748; 2.5652957908544193e-17
3660.23; 2.5460002523911515e-17
3660.712; 2.528844124104488e-17
3661.194; 2.5162859533578374e-17
3661.676; 2.508525558553364e-17
3662.158; 2.5587741570195397e-17
3662.641; 2.4930126033597237e-17
3663.123; 2.5693484647100584e-17
3663.605; 2.6117130564516924e-17
3664.087; 2.669072847647026e-17
3664.569; 2.734544878857496e-17
3665.051; 2.8001902562381156e-17
3665.533; 2.854511764466626e-17
3666.015; 2.942331777772592e-17
3666.498; 2.8202183318439586e-17
3666.979; 2.9840944729202624e-17
3667.462; 2.814964610568525e-17
3667.944; 2.823893521932905e-17
3668.426; 2.798880256485335e-17
3668.908; 2.8146117424865536e-17
3669.39; 2.8813986232027644e-17
3669.872; 2.995575739408413e-17
3670.354; 3.134886924868197e-17
3670.836; 3.32134030422842e-17
3671.319; 3.3356123754343076e-17
3671.801; 3.4233440786294427e-17
3672.283; 3.387853126748887e-17
3672.765; 3.2931569327642536e-17
3673.247; 3.166649344584607e-17
3673.729; 3.051526814888635e-17
3674.211; 2.990446865932695e-17
3674.693; 3.064670989855051e-17
3675.176; 3.097683413520991e-17
3675.658; 3.325597510020248e-17
3676.14; 3.527546202385797e-17
3676.622; 3.716481771491669e-17
3677.104; 3.8661077216370244e-17
3677.586; 3.971546979121928e-17
3678.068; 4.043570711100865e-17
3678.55; 4.098853763209823e-17
3679.032; 4.212888607138233e-17
3679.515; 4.203801835669849e-17
3679.997; 4.362026221534835e-17
3680.479; 4.4913027617289845e-17
3680.961; 4.644612517181097e-17
3681.443; 4.815505632892996e-17
3681.925; 5.000222061870544e-17
3682.407; 5.192937184101236e-17
3682.889; 5.446845658600226e-17
3683.372; 5.549170342277239e-17
3683.854; 5.78253186840616e-17
3684.336; 5.92874984513698e-17
3684.818; 6.035241031498311e-17
3685.3; 6.095265455926537e-17
3685.782; 6.114560093542037e-17
3686.264; 6.108086747411399e-17
3686.746; 6.158684027655185e-17
3687.229; 6.094194384645987e-17
3687.711; 6.223063726460722e-17
3688.193; 6.354317336795659e-17
3688.675; 6.539909904777528e-17
3689.157; 6.764605939715292e-17
3689.639; 7.014115098614458e-17
3690.121; 7.277203077461062e-17
3690.603; 7.544031208542658e-17
3691.085; 7.866076394746923e-17
3691.568; 8.037382361584987e-17
3692.05; 8.337722801128402e-17
3692.532; 8.559226792890445e-17
3693.014; 8.752818045688188e-17
3693.496; 8.915190538288756e-17
3693.978; 9.05203012191698e-17
3694.46; 9.17337970604507e-17
3694.942; 9.350305674635301e-17
3695.425; 9.403685649961415e-17
3695.907; 9.620209649048037e-17
3696.389; 9.805221057677618e-17
3696.871; 1.0003325954190024e-16
3697.353; 1.0196335432124154e-16
3697.835; 1.0368655007970305e-16
3698.317; 1.0510641104843807e-16
3698.799; 1.0620140594042655e-16
3699.281; 1.0760029744510012e-16
3699.764; 1.0764692209095575e-16
3700.246; 1.0919110070554931e-16
3700.728; 1.1056514826481501e-16
3701.21; 1.1237087332307243e-16
3701.692; 1.1456440678859027e-16
3702.174; 1.1704123122242704e-16
3702.656; 1.1964239335133896e-16
3703.138; 1.2274205159660845e-16
3703.621; 1.2449860417167138e-16
3704.103; 1.2738298052033003e-16
3704.585; 1.2963788474190624e-16
3705.067; 1.3175759359970468e-16
3705.549; 1.337151115339324e-16
3706.031; 1.3549374711114324e-16
3706.513; 1.3705967990485387e-16
3706.995; 1.3888593110045405e-16
3707.478; 1.3890325455706378e-16
3707.959; 1.415321770139194e-16
3708.442; 1.413738810691733e-16
3708.924; 1.4287991185066666e-16
3709.406; 1.4415619968999993e-16
3709.888; 1.4583217301215409e-16
3710.37; 1.4802554689604047e-16
3710.852; 1.5080165115331457e-16
3711.334; 1.5411210332431399e-16
3711.816; 1.5823952325539222e-16
3712.299; 1.6153541015300852e-16
3712.781; 1.6582650008899018e-16
3713.263; 1.6949087904652533e-16
3713.745; 1.727946644574999e-16
3714.227; 1.756638574220551e-16
3714.709; 1.7811936106946885e-16
3715.191; 1.8023684702447528e-16
3715.673; 1.8249859410277896e-16
3716.156; 1.8385138745886033e-16
3716.638; 1.8615403935139567e-16
3717.12; 1.882949198370367e-16
3717.602; 1.906302574042299e-16
3718.084; 1.9310438533023019e-16
3718.566; 1.9564355989592796e-16
3719.048; 1.9817612026129998e-16
3719.53; 2.0064775017190768e-16
3720.012; 2.0333871540782107e-16
3720.495; 2.0529762806034904e-16
3720.977; 2.0795905635018337e-16
3721.459; 2.103787628578588e-16
3721.941; 2.128197780858545e-16
3722.423; 2.1523400041162258e-16
3722.905; 2.1757833598504537e-16
3723.387; 2.1982393846893342e-16
3723.869; 2.2222619514813325e-16
3724.352; 2.2384678974010747e-16
3724.833; 2.2686008667570414e-16
3725.316; 2.28785602219519e-16
3725.798; 2.316644859271267e-16
3726.28; 2.345358087489007e-16
3726.762; 2.3751295326573845e-16
3727.244; 2.40451402076309e-16
3727.726; 2.4322040078192865e-16
3728.208; 2.457302988089539e-16
3728.69; 2.4811291807765934e-16
3729.173; 2.4991467519747935e-16
3729.655; 2.5195830467429966e-16
3730.137; 2.5387687508136505e-16
3730.619; 2.5591759080032834e-16
3731.101; 2.581259401708656e-16
3731.583; 2.604803819175861e-16
3732.065; 2.6290139202524303e-16
3732.547; 2.653990007081536e-16
3733.03; 2.675969620178711e-16
3733.512; 2.699576990179727e-16
3733.994; 2.7223226438774733e-16
3734.476; 2.745879942907324e-16
3734.958; 2.770762216513739e-16
3735.44; 2.796951513331664e-16
3735.922; 2.823878198221997e-16
3736.404; 2.850725990527244e-16
3736.886; 2.877187142826764e-16
3737.369; 2.901906734878513e-16
3737.851; 2.9262401513600177e-16
3738.333; 2.9492434395515637e-16
3738.815; 2.9701249065757795e-16
3739.297; 2.971604075782986e-16
