2617.894; 77740825481.10617
2618.376; 77800744293.56975
2618.858; 75630811188.81631
2619.34; 74289012093.4213
2619.822; 73287026769.35585
2620.304; 72476630042.50853
2620.786; 71777634947.06567
2621.269; 71207288496.4775
2621.75; 70627696778.1417
2622.233; 70174168611.25659
2622.715; 69716850156.81723
2623.197; 69309162089.32027
2623.679; 68933335678.92055
2624.161; 68586688408.035995
2624.643; 68265921799.998566
2625.125; 67967665016.28325
2625.607; 67671713897.739525
2626.09; 67427272331.076904
2626.572; 67151730152.74475
2627.054; 66896534437.63518
2627.536; 66644337309.62801
2628.018; 66396008386.02486
2628.5; 66153103948.23755
2628.982; 65918399313.02733
2629.464; 65676230849.2958
2629.947; 65489275086.058945
2630.429; 65269415357.75308
2630.911; 65078374716.56375
2631.393; 64897683511.4849
2631.875; 64727051390.86609
2632.357; 64565066199.008095
2632.839; 64409933734.01584
2633.321; 64260338051.99833
2633.803; 64094833537.550644
2634.286; 63978985233.99783
2634.768; 63814389356.80289
2635.25; 63668882278.04895
2635.732; 63524155652.29557
2636.214; 63382870581.56303
2636.696; 63246921449.01276
2637.178; 63118152562.102066
2637.66; 62975623931.68554
2638.143; 62889987163.078064
2638.625; 62754508207.50149
2639.107; 62639300065.6532
2639.589; 62521795934.05927
2640.071; 62402296170.21116
2640.553; 62281546352.65786
2641.035; 62161949474.115005
2641.517; 62023336299.77724
2642.0; 61943971622.29511
2642.482; 61813758535.512276
2642.964; 61709822115.70537
2643.446; 61609398506.076256
2643.928; 61512324748.475655
2644.41; 61417417597.91175
2644.892; 61323714805.52334
2645.374; 61231645897.43813
2645.856; 61117980199.08481
2646.339; 61064355262.710655
2646.821; 60954040882.140656
2647.303; 60869150042.37828
2647.785; 60786631865.642265
2648.267; 60707265860.91721
2648.749; 60630343706.44189
2649.231; 60555484452.18073
2649.713; 60456741722.9101
2650.196; 60417513014.43098
2650.678; 60313980918.9709
2651.16; 60231044792.79536
2651.642; 60144816282.4402
2652.124; 60057506205.23446
2652.606; 59970672656.00685
2653.088; 59885873499.79776
2653.57; 59805378475.13233
2654.052; 59704319580.37634
2654.535; 59671767534.23599
2655.017; 59577955609.67434
2655.499; 59510898473.04507
2655.981; 59443277621.97387
2656.463; 59374556868.71033
2656.945; 59303656812.801476
2657.427; 59231099747.920784
2657.909; 59130582285.68103
2658.392; 59095780224.98441
2658.874; 58994259852.71196
2659.356; 58920845010.71972
2659.838; 58850680084.74508
2660.32; 58786201452.43403
2660.802; 58728106574.84076
2661.284; 58677085726.23107
2661.766; 58603508911.86289
2662.249; 58629894853.08083
2662.73; 58491770844.43577
2663.213; 58518418267.30679
2663.695; 58444020388.94916
2664.177; 58392256772.78104
2664.659; 58333432322.820145
2665.141; 58268872987.48371
2665.623; 58200214188.853676
2666.105; 58131025157.39409
2666.587; 58035383063.79186
2667.07; 58015548638.83003
2667.552; 57928375057.174576
2668.034; 57874243733.516
2668.516; 57823470520.19455
2668.998; 57775459673.52125
2669.48; 57728241471.506516
2669.962; 57681120330.22463
2670.444; 57603434366.33372
2670.927; 57597947401.65628
2671.409; 57516761047.49852
2671.891; 57464882140.68079
2672.373; 57415002028.03954
2672.855; 57370270664.479095
2673.337; 57331605022.11471
2673.819; 57298370822.749954
2674.301; 57269497030.247696
2674.783; 57211086999.65281
2675.266; 57225301558.22104
2675.748; 57155552163.65926
2676.23; 57106701679.67977
2676.712; 57049237885.05755
2677.194; 56987466787.17582
2677.676; 56925718269.52378
2678.158; 56869093096.427704
2678.64; 56787548106.52161
2679.123; 56823343772.81251
2679.604; 56675503099.87754
2680.087; 56719390052.80347
2680.569; 56651504751.61578
2681.051; 56612874411.902664
2681.533; 56570492737.236435
2682.015; 56526983198.11183
2682.497; 56484860900.25687
2682.979; 56447658245.422874
2683.461; 56384315314.36223
2683.944; 56407280638.96578
2684.426; 56352397697.808426
2684.908; 56330794072.91285
2685.39; 56308696690.62806
2685.872; 56286511453.38571
2686.354; 56263875303.25388
2686.836; 56241616854.61782
2687.318; 56185912588.87111
2687.801; 56210907840.4108
2688.283; 56148786557.54193
2688.765; 56114496345.97898
2689.247; 56075453667.67572
2689.729; 56034420856.71539
2690.211; 55993202355.80441
2690.693; 55953191523.639854
2691.175; 55916056851.46403
2691.657; 55846785774.61539
2692.14; 55862230285.67122
2692.622; 55788654152.42204
2693.104; 55744018422.80282
2693.586; 55694869007.68198
2694.068; 55644818340.52428
2694.55; 55597028027.95483
2695.032; 55555524779.2265
2695.514; 55486702546.194
2695.997; 55511657084.980865
2696.479; 55452510595.57802
2696.961; 55428757717.66487
2697.443; 55403802531.40867
2697.925; 55378628802.41091
2698.407; 55354083796.71336
2698.889; 55332686479.209305
2699.371; 55279393482.99785
2699.854; 55317520087.42356
2700.336; 55265309071.42815
2700.818; 55244042350.49037
2701.3; 55215406240.178986
2701.782; 55179464948.93149
2702.264; 55136805212.53438
2702.746; 55089923529.67142
2703.228; 55043963417.95257
2703.71; 54966160407.57923
2704.193; 54986642840.69604
2704.675; 54922100044.48203
2705.157; 54899533511.58263
2705.639; 54880617326.00777
2706.121; 54864706144.836945
2706.603; 54850053264.959915
2707.085; 54836792597.56074
2707.567; 54786965056.36351
2708.05; 54829982715.96039
2708.532; 54777987612.59673
2709.014; 54760874132.0412
2709.496; 54741432527.20139
2709.978; 54721147207.35606
2710.46; 54699852322.763626
2710.942; 54677115150.425766
2711.424; 54653685830.249054
2711.906; 54590392824.949646
2712.389; 54619176097.45942
2712.871; 54546805361.20605
2713.353; 54506616863.4527
2713.835; 54461748488.304726
2714.317; 54416216268.01739
2714.799; 54373266652.91649
2715.281; 54337379971.71706
2715.763; 54271617356.640594
2716.246; 54312468326.14849
2716.728; 54262694214.475105
2717.21; 54256721163.91212
2717.692; 54253547525.54793
2718.174; 54252663374.57427
2718.656; 54252104009.52644
2719.138; 54250986459.176056
2719.62; 54205522646.417336
2720.103; 54292531315.289474
2720.584; 54130703789.935745
2721.067; 54197163631.095924
2721.549; 54111766646.62055
2722.031; 54057368180.529854
2722.513; 53996345232.17832
2722.995; 53935157093.052635
2723.477; 53878859046.65616
2723.959; 53832639042.939156
2724.441; 53757163656.05901
2724.924; 53794014215.23604
2725.406; 53735343025.94653
2725.888; 53721209937.91647
2726.37; 53708947141.68662
2726.852; 53699214131.34879
2727.334; 53691746867.595245
2727.816; 53687713676.83874
2728.298; 53644709366.085236
2728.781; 53705500628.608505
2729.263; 53659251706.180824
2729.745; 53648922155.91299
2730.227; 53632282980.40832
2730.709; 53611012293.19708
2731.191; 53585586698.10774
2731.673; 53556476106.45717
2732.155; 53525584192.67804
2732.637; 53450694073.73864
2733.12; 53480008676.60492
2733.602; 53401397673.870224
2734.084; 53365577475.880745
2734.566; 53333900219.17496
2735.048; 53311594511.63838
2735.53; 53300652430.004654
2736.012; 53301673136.29672
2736.494; 53266181051.64729
2736.977; 53383119654.617966
2737.458; 53236106832.2967
2737.941; 53339325493.56225
2738.423; 53279575680.68857
2738.905; 53253838733.185555
2739.387; 53220642490.1535
2739.869; 53185707134.30568
2740.351; 53152666515.18157
2740.833; 53125197062.03204
2741.315; 53059554291.27321
2741.798; 53108529347.47659
2742.28; 53048867170.9101
2742.762; 53033594054.7709
2743.244; 53018304935.2532
2743.726; 53004394770.65756
2744.208; 52991088404.682976
2744.69; 52978463935.83908
2745.172; 52919657987.11488
2745.655; 52969203030.63888
2746.137; 52900674582.53734
2746.619; 52871676220.46186
2747.101; 52840020030.32728
2747.583; 52810648360.69421
2748.065; 52786098205.597206
2748.547; 52767507054.69545
2749.029; 52756238717.954315
2749.511; 52705036479.60783
2749.994; 52770987149.82446
2750.476; 52722088444.37137
2750.958; 52716826809.68702
2751.44; 52709704089.10835
2751.922; 52703388607.46694
2752.404; 52699033656.30504
2752.886; 52699111502.62396
2753.368; 52657367165.974556
2753.851; 52734578626.1969
2754.333; 52695858213.81638
2754.815; 52701002477.16151
2755.297; 52701675453.48604
2755.779; 52697674909.98941
2756.261; 52687460180.45614
2756.743; 52671942205.36206
2757.225; 52604074105.533516
2757.708; 52649594587.00069
2758.19; 52572508889.39669
2758.672; 52539560817.63633
2759.154; 52505000828.70215
2759.636; 52471084919.81363
2760.118; 52437191707.88685
2760.6; 52402419695.04191
2761.082; 52368401921.319725
2761.564; 52287861084.35552
2762.047; 52330941654.659904
2762.529; 52256798254.42352
2763.011; 52235395721.26517
2763.493; 52218529802.22371
2763.975; 52206337744.92257
2764.457; 52195882044.35612
2764.939; 52185802695.3346
2765.421; 52124916176.6236
2765.904; 52183673614.5124
2766.386; 52116460156.79729
2766.868; 52096686210.15643
2767.35; 52077538124.194176
2767.832; 52061792476.378845
2768.314; 52048487810.94546
2768.796; 52035349711.70057
2769.278; 52021787218.132
2769.76; 51956054348.00004
2770.243; 52011526071.21052
2770.725; 51937124460.98656
2771.207; 51908499049.75595
2771.689; 51877553380.26777
2772.171; 51848079108.89478
2772.653; 51821852483.222
2773.135; 51802262668.506874
2773.617; 51739805776.07721
2774.1; 51811900744.77496
2774.582; 51762531556.88702
2775.064; 51766721234.83376
2775.546; 51770241293.72718
2776.028; 51770297333.032906
2776.51; 51761977868.98182
2776.992; 51743271021.7392
2777.474; 51659427533.4358
2777.957; 51746089668.95959
2778.438; 51516226667.503334
2778.921; 51598514412.09447
2779.403; 51505634972.72068
2779.885; 51476635967.28146
2780.367; 51458751547.57036
2780.849; 51451802836.46424
2781.331; 51451514071.33322
2781.813; 51454269043.45747
2782.295; 51401930927.97221
2782.778; 51473172331.95393
2783.26; 51400764299.136444
2783.742; 51368199419.92454
2784.224; 51325807676.059525
2784.706; 51280600781.6739
2785.188; 51238639258.055145
2785.67; 51207438241.52781
2786.152; 51137257430.54032
2786.635; 51214836698.4051
2787.117; 51168957396.631195
2787.599; 51181168970.947586
2788.081; 51192501891.59751
2788.563; 51199874749.65487
2789.045; 51199823718.66569
2789.527; 51191422676.03881
2790.009; 51178464962.29417
2790.491; 51110293870.214165
2790.974; 51179728838.475105
2791.456; 51117065426.05393
2791.938; 51113291198.47153
2792.42; 51114602580.61312
2792.902; 51121944616.8545
2793.384; 51133049589.01084
2793.866; 51146787762.272896
2794.348; 51104710808.17162
2794.831; 51194664365.14118
2795.313; 51137405737.05789
2795.795; 51123058815.14665
2796.277; 51097358527.84431
2796.759; 51064886026.03216
2797.241; 51029631398.02982
2797.723; 50998077832.61691
2798.205; 50916525306.455475
2798.688; 51040974703.95927
2799.169; 50839705503.381004
2799.652; 50984375106.130295
2800.134; 50936863323.97216
2800.616; 50944962658.08199
2801.098; 50943750456.0375
2801.58; 50929457724.95859
2802.062; 50898944176.18653
2802.544; 50854522228.88262
2803.026; 50742635042.06393
2803.509; 50768551544.564995
2803.991; 50651506520.75075
2804.473; 50597117314.65591
2804.955; 50551923699.370285
2805.437; 50518372343.72429
2805.919; 50493277041.8214
2806.401; 50471416275.86453
2806.883; 50449770883.655495
2807.365; 50366631537.56365
2807.848; 50423808856.74429
2808.33; 50330160645.21728
2808.812; 50292530706.44827
2809.294; 50257352036.77221
2809.776; 50230666179.614975
2810.258; 50214480462.66181
2810.74; 50210679118.22877
2811.222; 50158143728.24339
2811.705; 50258771179.54788
2812.187; 50211962517.64494
2812.669; 50219687019.406715
2813.151; 50220214543.86304
2813.633; 50213609719.597
2814.115; 50198433521.566154
2814.597; 50176188860.13402
2815.079; 50087356341.39784
2815.562; 50141766788.47366
2816.044; 50040572495.19892
2816.526; 49995564210.843666
2817.008; 49950283609.09533
2817.49; 49909940233.87625
2817.972; 49876603748.5285
2818.454; 49851775397.03257
2818.936; 49839074244.1505
2819.418; 49778870636.74196
2819.901; 49882811875.36368
2820.383; 49844080795.73125
2820.865; 49871218092.029495
2821.347; 49898696334.99496
2821.829; 49922606432.404236
2822.311; 49936677254.867966
2822.793; 49938279693.48891
2823.275; 49863732302.786934
2823.758; 49928602586.30619
2824.24; 49826981751.562744
2824.722; 49779265957.002846
2825.204; 49729797413.92518
2825.686; 49685312320.35832
2826.168; 49647872716.19714
2826.65; 49619361797.85099
2827.132; 49534991099.99806
2827.615; 49609856566.26131
2828.097; 49526079589.34968
2828.579; 49500294749.89856
2829.061; 49469679758.41214
2829.543; 49437553179.91062
2830.025; 49405611136.75656
2830.507; 49376160325.25535
2830.989; 49354180833.669785
2831.471; 49278096442.047195
2831.954; 49369731643.22205
2832.436; 49307128427.81597
2832.918; 49308048104.10718
2833.4; 49303856814.08188
2833.882; 49291825809.20947
2834.364; 49268167831.87197
2834.846; 49233509858.993004
2835.328; 49121863460.42691
2835.811; 49228606092.45993
2836.292; 48942171395.32058
2836.775; 49044523917.11254
2837.257; 48920968761.523964
2837.739; 48867055868.58209
2838.221; 48817116338.79033
2838.703; 48775826512.951096
2839.185; 48746426869.877785
2839.667; 48734270058.18969
2840.149; 48674796395.61322
2840.632; 48794015678.149605
2841.114; 48755710471.70576
2841.596; 48779939198.61611
2842.078; 48792552892.37268
2842.56; 48789643408.58312
2843.042; 48768952246.94363
2843.524; 48735114943.001625
2844.006; 48627272343.346756
2844.489; 48683708493.08212
2844.971; 48575518466.64289
2845.453; 48537487724.21272
2845.935; 48503395338.15106
2846.417; 48473904628.27673
2846.899; 48446348938.26905
2847.381; 48418852347.53678
2847.863; 48393736367.317986
2848.345; 48304760699.12158
2848.828; 48388125228.20713
2849.31; 48306062347.792946
2849.792; 48294630553.84301
2850.274; 48287700358.94226
2850.756; 48289079593.52508
2851.238; 48299801553.81081
2851.72; 48322262533.4288
2852.202; 48286236345.75543
2852.685; 48424136132.88607
2853.167; 48385805246.31407
2853.649; 48400501490.93987
2854.131; 48393240357.70817
2854.613; 48362754111.871346
2855.095; 48309691378.41879
2855.577; 48241630475.33284
2856.059; 48095483233.15451
2856.542; 48195521014.44997
2857.023; 47890610769.18216
2857.506; 48022206968.75038
2857.988; 47929564978.80927
2858.47; 47924523092.23311
2858.952; 47928037287.90391
2859.434; 47934194461.74185
2859.916; 47935374365.29758
2860.398; 47928688305.79948
2860.88; 47841262623.79927
2861.363; 47918924081.11328
2861.845; 47810407376.31705
2862.327; 47766244547.03082
2862.809; 47722051036.19787
2863.291; 47686194286.10964
2863.773; 47662857953.266
2864.255; 47654191545.94042
2864.737; 47662683180.728226
2865.219; 47614076022.69876
2865.702; 47750870001.079285
2866.184; 47706034226.675064
2866.666; 47719435395.322014
2867.148; 47712741130.83605
2867.63; 47684978626.5266
2868.112; 47637371330.20151
2868.594; 47578733059.62781
2869.076; 47446334676.30324
2869.559; 47502935740.134125
2870.041; 47391760243.19701
2870.523; 47368185784.336105
2871.005; 47356604634.43291
2871.487; 47351795571.79526
2871.969; 47344122462.24727
2872.451; 47328674609.80717
2872.933; 47229620607.60792
2873.416; 47306065475.35244
2873.898; 47196929867.611946
2874.38; 47167361615.46932
2874.862; 47150701036.28736
2875.344; 47150665827.450264
2875.826; 47161801484.23147
2876.308; 47174651449.56282
2876.79; 47182491555.09023
2877.272; 47104820511.41498
2877.755; 47199456191.16628
2878.237; 47095608031.25435
2878.719; 47058362579.24066
2879.201; 47018805779.6008
2879.683; 46982107343.15164
2880.165; 46946887969.883835
2880.647; 46911780997.89255
2881.129; 46796679280.08099
2881.612; 46861587204.98321
2882.094; 46726394155.0359
2882.576; 46657099184.46607
2883.058; 46582612611.35472
2883.54; 46509978264.74611
2884.022; 46442044800.02945
2884.504; 46382825528.81987
2884.986; 46255978703.80836
2885.469; 46328361425.75292
2885.951; 46215266135.833206
2886.433; 46185083224.34441
2886.915; 46162705002.05765
2887.397; 46151469040.18598
2887.879; 46150061147.00052
2888.361; 46155851646.164795
2888.843; 46168688499.72122
2889.325; 46108227146.61147
2889.808; 46240459491.58573
2890.29; 46173024930.63497
2890.772; 46171762758.19401
2891.254; 46156266830.715256
2891.736; 46127155316.77284
2892.218; 46084121778.76244
2892.7; 46032361064.29605
2893.182; 45896384023.446655
2893.665; 46038933198.80453
2894.146; 45722294011.52322
2894.629; 45896194005.55112
2895.111; 45815063702.668915
2895.593; 45831711977.8545
2896.075; 45857484908.81685
2896.557; 45885598964.96096
2897.039; 45906590453.62393
2897.521; 45915657243.07996
2898.003; 45828650962.633514
2898.486; 45920636051.660416
2898.968; 45794342484.9427
2899.45; 45732328048.48106
2899.932; 45664220848.48168
2900.414; 45603488820.39516
2900.896; 45559912331.186134
2901.378; 45542806195.9062
2901.86; 45472681414.915306
2902.343; 45623758877.34746
2902.825; 45580640420.966965
2903.307; 45609788355.29122
2903.789; 45618554677.78378
2904.271; 45601641286.867516
2904.753; 45556293861.5509
2905.235; 45485421580.259224
2905.717; 45399053572.3362
2906.199; 45223534700.39174
2906.682; 45250632306.65555
2907.164; 45073212815.54417
2907.646; 44979631327.25111
2908.128; 44891035505.02364
2908.61; 44814223099.43409
2909.092; 44753470638.90348
2909.574; 44715254403.869865
2910.056; 44617964107.95568
2910.539; 44746718665.964
2911.021; 44679682372.61045
2911.503; 44697334057.48219
2911.985; 44710315202.76424
2912.467; 44717172234.860374
2912.949; 44716135735.076355
2913.431; 44710180536.15342
2913.913; 44613702841.99745
2914.396; 44803891644.08133
2914.877; 44486671399.38128
2915.36; 44663897003.98513
2915.842; 44540618388.62826
2916.324; 44496858203.78907
2916.806; 44450122480.40067
2917.288; 44408944373.2506
2917.77; 44378881175.41025
2918.252; 44366569408.89482
2918.734; 44288039110.24531
2919.217; 44434286248.57326
2919.699; 44375371661.84892
2920.181; 44399339520.43269
2920.663; 44415807011.69061
2921.145; 44422018038.98527
2921.627; 44412128876.04662
2922.109; 44381341456.24846
2922.591; 44330784501.63638
2923.073; 44176889534.57818
2923.556; 44225300926.74423
2924.038; 44056613933.199486
2924.52; 43984106353.71757
2925.002; 43935391919.6287
2925.484; 43921612698.740654
2925.966; 43942636401.47657
2926.448; 43993343690.15711
2926.93; 43973921901.47438
2927.413; 44170675936.72342
2927.895; 44138634409.574165
2928.377; 44174548174.0509
2928.859; 44194541508.90379
2929.341; 44207405609.807755
2929.823; 44218022721.08916
2930.305; 44230617967.16039
2930.787; 44154307531.1569
2931.27; 44287016433.00937
2931.752; 44183003867.83169
2932.234; 44144692000.71323
2932.716; 44088106558.24598
2933.198; 44024192241.608826
2933.68; 43961797535.128044
2934.162; 43907902228.914345
2934.644; 43868661680.19886
2935.126; 43752689931.26723
2935.609; 43862824022.35914
2936.091; 43742220816.17248
2936.573; 43692899175.344864
2937.055; 43621723304.86825
2937.537; 43532934424.717224
2938.019; 43432627887.41368
2938.501; 43334051530.67743
2938.983; 43158565065.825165
2939.466; 43230967841.33516
2939.948; 43103528072.67609
2940.43; 43091732300.22563
2940.912; 43099668110.75294
2941.394; 43119365490.888794
2941.876; 43136383497.16878
2942.358; 43140199828.977356
2942.84; 43030151428.71525
2943.323; 43121659474.79988
2943.805; 42960409092.08177
2944.287; 42875148384.619415
2944.769; 42787444890.71641
2945.251; 42711491236.18339
2945.733; 42652983616.91001
2946.215; 42612336190.61807
2946.697; 42589963890.03051
2947.179; 42489386486.00988
2947.662; 42628630144.85737
2948.144; 42541340614.98475
2948.626; 42548883842.78727
2949.108; 42558576320.80365
2949.59; 42571605785.71447
2950.072; 42583177874.4567
2950.554; 42589855121.71708
2951.036; 42488949058.90831
2951.519; 42699228983.03487
2952.0; 42334789043.0804
2952.483; 42524144204.92104
2952.965; 42386970033.71566
2953.447; 42355324388.127846
2953.929; 42337878142.34588
2954.411; 42338401677.472015
2954.893; 42351966647.44981
2955.375; 42372576565.447784
2955.857; 42294140979.27308
2956.34; 42434883561.03385
2956.822; 42312217808.46497
2957.304; 42254230892.219215
2957.786; 42171504699.2979
2958.268; 42076717931.4226
2958.75; 41979897909.06404
2959.232; 41891926746.52027
2959.714; 41719385482.86718
2960.197; 41794333363.03562
2960.679; 41628843497.661285
2961.161; 41553912298.300766
2961.643; 41474202446.694435
2962.125; 41398942202.94468
2962.607; 41336612034.61468
2963.089; 41295047150.51547
2963.571; 41281047849.3913
2964.053; 41193227930.8589
2964.536; 41357231334.58529
2965.018; 41269280095.224915
2965.5; 41253597777.3498
2965.982; 41207600589.18832
2966.464; 41139569158.575005
2966.946; 41063087231.09791
2967.428; 40998944593.37935
2967.91; 40863303860.349815
2968.393; 41003029010.239044
2968.875; 40920527653.85709
2969.357; 40945403105.329636
2969.839; 40965632306.265236
2970.321; 40973600956.08234
2970.803; 40964013403.16419
2971.285; 40940849877.072266
2971.767; 40805681759.950806
2972.25; 41010677474.01116
2972.731; 40615204387.84344
2973.214; 40809799843.03755
2973.696; 40647678716.599976
2974.178; 40577268465.22253
2974.66; 40498141632.13503
2975.142; 40420070459.91768
2975.624; 40351251108.303345
2976.106; 40302040408.37141
2976.588; 40174494739.866325
2977.071; 40315470295.69596
2977.553; 40213432723.3758
2978.035; 40211377175.081085
2978.517; 40204318054.813225
2978.999; 40194219219.88612
2979.481; 40180936974.436844
2979.963; 40164386829.045074
2980.445; 40146884222.612495
2980.927; 40023246761.54901
2981.41; 40142415101.53043
2981.892; 39989386402.1676
2982.374; 39917914422.553856
2982.856; 39830428237.75714
2983.338; 39737505672.76428
2983.82; 39646075600.743454
2984.302; 39564450363.79985
2984.784; 39391076129.10058
2985.267; 39483100551.51256
2985.749; 39322166751.86439
2986.231; 39268332672.920456
2986.713; 39223462998.58012
2987.195; 39196922017.63816
2987.677; 39191593773.18002
2988.159; 39208131920.354385
2988.641; 39132772681.627335
2989.124; 39310960646.76767
2989.606; 39205706067.3673
2990.088; 39167742240.70794
2990.57; 39092746683.90638
2991.052; 38993459528.87178
2991.534; 38885055376.08825
2992.016; 38784149593.67282
2992.498; 38707684804.18978
2992.98; 38556366663.88646
2993.463; 38693176896.43559
2993.945; 38581517897.57688
2994.427; 38576995833.174995
2994.909; 38566227305.89994
2995.391; 38547828680.32425
2995.873; 38519301107.915665
2996.355; 38483206353.59507
2996.837; 38332018146.19099
2997.32; 38433595597.060936
2997.802; 38253184281.96016
2998.284; 38162906020.268456
2998.766; 38063378285.98083
2999.248; 37968858298.19027
2999.73; 37890677806.33285
3000.212; 37841343145.56009
3000.694; 37716460447.4282
3001.177; 37883450298.83953
3001.659; 37792161269.04822
3002.141; 37800418094.34655
3002.623; 37787463147.84823
3003.105; 37748011985.479996
3003.587; 37679061390.11053
3004.069; 37584231499.85337
3004.551; 37476156080.01106
3005.033; 37256403916.1
3005.516; 37310622218.9778
3005.998; 37097578574.0796
3006.48; 36996319880.74015
3006.962; 36898195591.12785
3007.444; 36807589774.19309
3007.926; 36727014798.73445
3008.408; 36665174440.446655
3008.89; 36515584951.97476
3009.373; 36777291581.52653
3009.854; 36415162246.62084
3010.337; 36737311105.44661
3010.819; 36695496500.08328
3011.301; 36769102994.92842
3011.783; 36828327367.26495
3012.265; 36861960270.483376
3012.747; 36860217316.60275
3013.229; 36824212309.55729
3013.711; 36647473189.19018
3014.194; 36723566212.92726
3014.676; 36509038729.80784
3015.158; 36401042776.3088
3015.64; 36300135716.28015
3016.122; 36217835297.63846
3016.604; 36157027060.60264
3017.086; 36119938678.77355
3017.568; 35989599482.79269
3018.051; 36145771330.24272
3018.533; 36020014186.89736
3019.015; 35994038825.030655
3019.497; 35953593663.65258
3019.979; 35902835034.45489
3020.461; 35843383531.21924
3020.943; 35777437231.41771
3021.425; 35711055323.299416
3021.907; 35532265936.38417
3022.39; 35632932030.697655
3022.872; 35446564945.19046
3023.354; 35368626410.21429
3023.836; 35293032673.613304
3024.318; 35232745133.10839
3024.8; 35195699120.397354
3025.282; 35189065412.06119
3025.764; 35094310518.875244
3026.247; 35292644585.372116
3026.729; 35192380526.601906
3027.211; 35167673125.229996
3027.693; 35089640469.78147
3028.175; 34958062510.63442
3028.657; 34781776802.96146
3029.139; 34584922619.742744
3029.621; 34274810178.092464
3030.104; 34396415486.952324
3030.585; 33874748690.20156
3031.068; 34095516785.114754
3031.55; 33957806186.075634
3032.032; 33964395400.46399
3032.514; 33974866039.79018
3032.996; 33973931493.157383
3033.478; 33949283227.57771
3033.96; 33901827462.14896
3034.442; 33721003021.01246
3034.925; 33820356109.018154
3035.407; 33631114948.932632
3035.889; 33568572358.977036
3036.371; 33525965254.160572
3036.853; 33510972467.63429
3037.335; 33520633140.62305
3037.817; 33546923982.916615
3038.299; 33583306969.02007
3038.781; 33501789405.068737
3039.264; 33697223049.14001
3039.746; 33576508572.51359
3040.228; 33542206200.605553
3040.71; 33479452468.818867
3041.192; 33397132829.993206
3041.674; 33301283330.50977
3042.156; 33202270965.115257
3042.638; 32987968929.922375
3043.121; 33072755951.113125
3043.603; 32869909659.395924
3044.085; 32794631877.040337
3044.567; 32734966887.901848
3045.049; 32699436682.724903
3045.531; 32689014059.51413
3046.013; 32704560693.987465
3046.495; 32620155911.49088
3046.978; 32837242690.54193
3047.46; 32749999960.818695
3047.942; 32762715225.729763
3048.424; 32753684268.50274
3048.906; 32727679024.6747
3049.388; 32686954071.576557
3049.87; 32633923897.18461
3050.352; 32574098877.76019
3050.834; 32385970515.79441
3051.317; 32482874080.14474
3051.799; 32256757803.417248
3052.281; 32122623199.65396
3052.763; 31962421590.821274
3053.245; 31787503046.2271
3053.727; 31608891792.91772
3054.209; 31443630627.770283
3054.691; 31182088799.77536
3055.174; 31252208810.75337
3055.656; 31047839378.46756
3056.138; 30987142137.137676
3056.62; 30943159596.7661
3057.102; 30912840548.110153
3057.584; 30889017644.611004
3058.066; 30870239776.567513
3058.548; 30730622055.577095
3059.031; 30889610365.51271
3059.513; 30732698149.61045
3059.995; 30680256710.893505
3060.477; 30608680272.651443
3060.959; 30521573568.502716
3061.441; 30419923684.987404
3061.923; 30307882691.880344
3062.405; 30197639008.153954
3062.887; 29976221693.00836
3063.37; 30078024208.918667
3063.852; 29892864696.73363
3064.334; 29847970767.415485
3064.816; 29817876469.84277
3065.298; 29800678907.580296
3065.78; 29788382999.996826
3066.262; 29777185644.988476
3066.744; 29632978284.7646
3067.227; 29906833156.46329
3067.708; 29424737785.428528
3068.191; 29662490750.526146
3068.673; 29447748950.053307
3069.155; 29339343696.726913
3069.637; 29215908975.998535
3070.119; 29093347059.832436
3070.601; 28987396818.158062
3071.083; 28918532611.85809
3071.565; 28774572923.91763
3072.048; 28987880528.34324
3072.53; 28928463889.039543
3073.012; 29009616899.15951
3073.494; 29086215101.683495
3073.976; 29141855887.989506
3074.458; 29161041010.38167
3074.94; 29140942170.59175
3075.422; 28957492827.669765
3075.905; 29052856322.665985
3076.387; 28808754482.77302
3076.869; 28671818633.00966
3077.351; 28528017077.253475
3077.833; 28391362716.15136
3078.315; 28269025086.08266
3078.797; 28166171079.01596
3079.279; 28090273915.322803
3079.761; 27914581155.495308
3080.244; 28070714988.185555
3080.726; 27915794216.24082
3081.208; 27875575708.59052
3081.69; 27813791114.924366
3082.172; 27728702087.30159
3082.654; 27619788983.76311
3083.136; 27496776451.154682
3083.618; 27242163308.57115
3084.101; 27305914603.95089
3084.583; 27060891267.546246
3085.065; 26953570564.111782
3085.547; 26861519263.102043
3086.029; 26791140655.364616
3086.511; 26742318937.830017
3086.993; 26717281460.346478
3087.475; 26580855485.50897
3087.958; 26898719786.906296
3088.439; 26458562713.93883
3088.922; 26772232747.38855
3089.404; 26625839823.592598
3089.886; 26587139319.18455
3090.368; 26524203764.09385
3090.85; 26446460670.181736
3091.332; 26363261247.127953
3091.814; 26289578822.6455
3092.296; 26105372075.554638
3092.779; 26256243434.800976
3093.261; 26095300321.936768
3093.743; 26056492163.434746
3094.225; 26000313606.25618
3094.707; 25921343808.86035
3095.189; 25814483447.255047
3095.671; 25682330181.112045
3096.153; 25540208341.632885
3096.635; 25275287105.21372
3097.118; 25349662938.264748
3097.6; 25129427072.43222
3098.082; 25065194359.09319
3098.564; 25024412057.10288
3099.046; 25000451149.299232
3099.528; 24978429951.124985
3100.01; 24949037740.97812
3100.492; 24774249101.160484
3100.975; 24900143806.622585
3101.457; 24682681020.53215
3101.939; 24578772902.079777
3102.421; 24468337944.27927
3102.903; 24361887496.15962
3103.385; 24260963652.46179
3103.867; 24168803903.10642
3104.349; 23955076728.965816
3104.832; 24069903807.571323
3105.314; 23871454341.505882
3105.796; 23818656235.091316
3106.278; 23793242351.550224
3106.76; 23805391799.78183
3107.242; 23850976545.69398
3107.724; 23915762107.87487
3108.206; 23983020612.1568
3108.688; 23898909489.362328
3109.171; 24093656836.693066
3109.653; 23901077074.002327
3110.135; 23770235102.60378
3110.617; 23579076845.82934
3111.099; 23347267885.560062
3111.581; 23092772940.486702
3112.063; 22837751038.234985
3112.545; 22466726064.67602
3113.028; 22443434092.346565
3113.51; 22122069644.34169
3113.992; 21960427631.553307
3114.474; 21831431400.46381
3114.956; 21739696009.093758
3115.438; 21681970538.796665
3115.92; 21657091424.098537
3116.402; 21528799197.62618
3116.885; 21738534689.95442
3117.367; 21629899768.81297
3117.849; 21645946608.584267
3118.331; 21651070468.365692
3118.813; 21642331328.630444
3119.295; 21610958781.77251
3119.777; 21549773058.780487
3120.259; 21461538684.436054
3120.741; 21221769794.309036
3121.224; 21294386540.791138
3121.706; 21045023685.367218
3122.188; 20943529981.347816
3122.67; 20874347331.941795
3123.152; 20847064292.958504
3123.634; 20855683604.42934
3124.116; 20890117677.347134
3124.598; 20802380945.05866
3125.081; 21027079987.451313
3125.563; 20903289344.884567
3126.045; 20882764220.88646
3126.527; 20844088433.372356
3127.009; 20802940073.273
3127.491; 20767543774.758373
3127.973; 20743987793.030357
3128.455; 20591918889.40393
3128.938; 20890647659.79149
3129.419; 20389744643.05556
3129.902; 20648745275.826523
3130.384; 20427062821.952614
3130.866; 20320803314.83099
3131.348; 20205751572.050606
3131.83; 20098830349.593273
3132.312; 20010210863.981323
3132.794; 19949289940.86944
3133.276; 19783268513.76175
3133.759; 19957875633.330246
3134.241; 19803810452.44268
3134.723; 19763139660.485004
3135.205; 19695973116.459667
3135.687; 19602874471.48477
3136.169; 19484975136.664753
3136.651; 19348649446.255707
3137.133; 19209019850.63146
3137.615; 18946858169.542686
3138.098; 19025671520.907238
3138.58; 18795115957.19701
3139.062; 18710923811.14198
3139.544; 18640262824.543552
3140.026; 18581773698.995785
3140.508; 18526586329.793045
3140.99; 18469328684.094917
3141.472; 18270370184.964878
3141.955; 18376633848.572136
3142.437; 18131701615.05219
3142.919; 17994379470.865
3143.401; 17846086577.17273
3143.883; 17706724581.48513
3144.365; 17591012952.39667
3144.847; 17513645706.949635
3145.329; 17344303500.0547
3145.812; 17663130147.417274
3146.293; 17232031593.95599
3146.776; 17590627595.316093
3147.258; 17498433631.89568
3147.74; 17530906054.73619
3148.222; 17548359800.22785
3148.704; 17551796734.528225
3149.186; 17538200437.444153
3149.668; 17507942967.832375
3150.15; 17325111778.88471
3150.633; 17437792601.589016
3151.115; 17190140777.620407
3151.597; 17041609203.593407
3152.079; 16876188750.19927
3152.561; 16717442511.321514
3153.043; 16583223644.601385
3153.525; 16489115935.435055
3154.007; 16305984367.378996
3154.49; 16472479272.615303
3154.972; 16320552080.104012
3155.454; 16282032876.31534
3155.936; 16215925929.353464
3156.418; 16125051941.385801
3156.9; 16016625731.309654
3157.382; 15903583776.510262
3157.864; 15803925675.8486
3158.346; 15596820185.212389
3158.829; 15729665870.341196
3159.311; 15547987563.893562
3159.793; 15490261165.566885
3160.275; 15421358157.49378
3160.757; 15345629167.484316
3161.239; 15268994795.672813
3161.721; 15205289873.213785
3162.203; 15034319531.562506
3162.686; 15203336481.102018
3163.168; 15062993748.836334
3163.65; 15047868640.368906
3164.132; 15017480059.104261
3164.614; 14967267241.635925
3165.096; 14894596853.47931
3165.578; 14805046260.479948
3166.06; 14715266231.464973
3166.542; 14510461936.935278
3167.025; 14643762213.524076
3167.507; 14472453474.980478
3167.989; 14433353348.970783
3168.471; 14385515846.53336
3168.953; 14320242467.271294
3169.435; 14229293899.983526
3169.917; 14117684378.35659
3170.399; 13867359902.35005
3170.882; 13935333805.6303
3171.364; 13696974513.72908
3171.846; 13603558031.820473
3172.328; 13527812441.744114
3172.81; 13463789328.632133
3173.292; 13393535113.09378
3173.774; 13302288589.256683
3174.256; 13050570847.577076
3174.739; 13074791648.3219
3175.221; 12754773665.957573
3175.703; 12552496507.528326
3176.185; 12372010405.5433
3176.667; 12243974785.123352
3177.149; 12182658843.85389
3177.631; 12186734289.352913
3178.113; 12244329293.382835
3178.595; 12204419417.878456
3179.078; 12465172826.617487
3179.56; 12376888957.83195
3180.042; 12355607626.181372
3180.524; 12278443198.569748
3181.006; 12165165498.653025
3181.488; 12039165624.889887
3181.97; 11928275435.803684
3182.452; 11725519738.858963
3182.935; 11863622119.787176
3183.417; 11716933588.11449
3183.899; 11699192149.149178
3184.381; 11670483180.464499
3184.863; 11621033315.150211
3185.345; 11542939179.062151
3185.827; 11440108274.674873
3186.309; 11192404188.878233
3186.792; 11362650724.735458
3187.273; 10803169342.698729
3187.756; 10984568115.090399
3188.238; 10761457514.70048
3188.72; 10686826893.182816
3189.202; 10638740386.149834
3189.684; 10623270798.740913
3190.166; 10640195181.985651
3190.648; 10689913059.377916
3191.13; 10643015227.76965
3191.613; 10904539568.712345
3192.095; 10849106889.385689
3192.577; 10879399752.06126
3193.059; 10860917990.816881
3193.541; 10792261729.717756
3194.023; 10676833054.098207
3194.505; 10527146111.993078
3194.987; 10366553330.608847
3195.469; 10095318904.697596
3195.952; 10145839335.625793
3196.434; 9925014764.762215
3196.916; 9848651417.918564
3197.398; 9789988668.101345
3197.88; 9741546122.675072
3198.362; 9690794557.749544
3198.844; 9632448779.581053
3199.326; 9444848565.215311
3199.809; 9539925643.125673
3200.291; 9334278792.436327
3200.773; 9248755548.955692
3201.255; 9177313393.173922
3201.737; 9132017258.563921
3202.219; 9114413467.419577
3202.701; 9122957924.57805
3203.183; 9025680865.271683
3203.666; 9336264730.249636
3204.147; 8928185731.344738
3204.63; 9193865459.247702
3205.112; 9014421276.182854
3205.594; 8916389976.997381
3206.076; 8781624895.572975
3206.558; 8622161632.919676
3207.04; 8449793695.747408
3207.522; 8282348892.138262
3208.004; 8019929785.150676
3208.487; 8066806770.574334
3208.969; 7860954421.633706
3209.451; 7796005206.763411
3209.933; 7754432860.337439
3210.415; 7730870326.41919
3210.897; 7713404831.82638
3211.379; 7694783035.35621
3211.861; 7556322346.845797
3212.344; 7682279689.413111
3212.826; 7517311253.453787
3213.308; 7455371541.107652
3213.79; 7393355146.016484
3214.272; 7340409299.073105
3214.754; 7296247254.194485
3215.236; 7255519470.484454
3215.718; 7213971819.47625
3216.2; 7053556566.661571
3216.683; 7147316818.070727
3217.165; 6943470233.169352
3217.647; 6824050188.33289
3218.129; 6687292275.646575
3218.611; 6547820242.527831
3219.093; 6417725238.71711
3219.575; 6312254375.360283
3220.057; 6136315711.830834
3220.54; 6256288209.107056
3221.022; 6148613557.981581
3221.504; 6170068760.163346
3221.986; 6207302499.650102
3222.468; 6252313393.287303
3222.95; 6292824282.007705
3223.432; 6318973047.244714
3223.914; 6329253081.268323
3224.396; 6217733365.446679
3224.879; 6351689524.555291
3225.361; 6205893042.350923
3225.843; 6149139158.368736
3226.325; 6079131219.295657
3226.807; 6002562813.777418
3227.289; 5923444822.160693
3227.771; 5851302388.145303
3228.253; 5691011671.700925
3228.736; 5805150339.538284
3229.218; 5683503101.883211
3229.7; 5682331309.894619
3230.182; 5694833449.753288
3230.664; 5716266123.634435
3231.146; 5736232810.908781
3231.628; 5748660154.587398
3232.11; 5644026313.746214
3232.593; 5775645849.165735
3233.075; 5627467871.691991
3233.557; 5558892325.699487
3234.039; 5470671484.9208145
3234.521; 5370120452.531214
3235.003; 5260863614.275506
3235.485; 5147769790.768675
3235.967; 5041409249.302182
3236.449; 4852329140.069323
3236.932; 4927202072.366735
3237.414; 4781474477.009469
3237.896; 4756099067.91789
3238.378; 4752606524.286458
3238.86; 4770317808.801306
3239.342; 4802927533.25155
3239.824; 4846375119.342375
3240.306; 4795036027.669524
3240.789; 4978984192.892865
3241.271; 4897647556.121147
3241.753; 4883563860.2127285
3242.235; 4833714435.34082
3242.717; 4751289786.927565
3243.199; 4641423176.010902
3243.681; 4517161637.028655
3244.163; 4292552081.779724
3244.646; 4404839421.058014
3245.127; 3968483794.082369
3245.61; 4101838241.503735
3246.092; 3924190886.0273066
3246.574; 3846781031.0038757
3247.056; 3772745760.697771
3247.538; 3708066991.089721
3248.02; 3659648660.605544
3248.502; 3638219935.362316
3248.984; 3559826050.777734
3249.467; 3726180933.218106
3249.949; 3681941696.085423
3250.431; 3716300267.7902894
3250.913; 3722235229.237434
3251.395; 3690024623.9081993
3251.877; 3616693545.8006587
3252.359; 3510368281.3948045
3252.841; 3390108207.5103564
3253.323; 3188000031.881691
3253.806; 3211248670.0106044
3254.288; 3039771820.551571
3254.77; 2965106659.5443416
3255.252; 2897872380.185697
3255.734; 2835638752.21407
3256.216; 2775326804.917424
3256.698; 2719729096.258393
3257.18; 2592393725.5596995
3257.663; 2667232625.3241367
3258.145; 2551497371.4848647
3258.627; 2516446197.183689
3259.109; 2482893766.5953393
3259.591; 2453372622.809201
3260.073; 2428929786.009667
3260.555; 2413966537.178335
3261.037; 2331982843.8037148
3261.52; 2523274671.153408
3262.001; 2264679092.7812843
3262.484; 2453973270.4383016
3262.966; 2366453620.990143
3263.448; 2334242047.5278883
3263.93; 2274676533.8233147
3264.412; 2192080527.297936
3264.894; 2093855839.548923
3265.376; 1993089393.384745
3265.858; 1831762201.2301464
3266.341; 1854575793.336849
3266.823; 1724065962.332713
3267.305; 1676289954.7386105
3267.787; 1642704157.8297908
3268.269; 1623819494.8223963
3268.751; 1617709259.8019753
3269.233; 1624746508.6252377
3269.715; 1578431623.9758441
3270.198; 1698176786.6641104
3270.68; 1653928080.523281
3271.162; 1664508212.3570929
3271.644; 1658699040.8126118
3272.126; 1634872486.6273599
3272.608; 1592930203.3830338
3273.09; 1537763299.7684586
3273.572; 1480834571.5057042
3274.054; 1371957108.2705672
3274.537; 1431362758.248319
3275.019; 1357735435.7271562
3275.501; 1360749319.4092624
3275.983; 1372241618.6550386
3276.465; 1382510892.8655667
3276.947; 1378516210.7128162
3277.429; 1352603583.3780892
3277.911; 1243278141.7467782
3278.394; 1259734086.616937
3278.876; 1121508634.2586668
3279.358; 1043779030.1132963
3279.84; 979756292.0757186
3280.322; 935870577.1032729
3280.804; 909137121.0005752
3281.286; 890615248.1743155
3281.768; 870281877.7007122
3282.25; 789273726.6986206
3282.733; 809101697.2564659
3283.215; 692992308.2147247
3283.697; 615880164.2033132
3284.179; 543846102.6275343
3284.661; 489816428.326755
3285.143; 460172101.80880946
3285.625; 457152073.8061388
3286.107; 440058148.6763211
3286.59; 529871523.22274095
3287.072; 525170204.10467833
3287.554; 547834272.7749888
3288.036; 551064756.0754707
3288.518; 534833198.122605
3289.0; 504298795.3749999
3289.482; 469723546.96500856
3289.964; 404034080.30671304
3290.447; 436807504.4408802
3290.929; 390472440.4973808
3291.411; 386606892.0763584
3291.893; 385539967.39197576
3292.375; 383668782.9845822
3292.857; 376947940.88757247
3293.339; 363380534.69153744
3293.821; 344450198.4594975
3294.303; 290815735.85165006
3294.786; 311313548.6579584
3295.268; 253324913.32633364
3295.75; 223378771.62679914
3296.232; 192073095.3067501
3296.714; 161636236.9854798
3297.196; 133663404.43731046
3297.678; 110388682.04560553
3298.16; 75986219.58384007
3298.643; 88205947.10593052
3299.125; 63838206.56811754
3299.607; 58436273.301938415
3300.089; 54955148.83462264
3300.571; 53219142.54589761
3301.053; 52850515.59705651
3301.535; 54171587.27106481
3302.017; 43752552.26568408
3302.5; 83238922.02859841
3302.981; 38274362.46429129
3303.464; 75146116.31338973
3303.946; 61487215.357427835
3304.428; 60563306.00495957
3304.91; 57097326.54498489
3305.392; 52502388.81901439
3305.874; 47921063.26177269
3306.356; 44534933.931254506
3306.838; 31168069.408319697
3307.321; 46284011.42718926
3307.803; 31497865.736265503
3308.285; 26282038.019933984
3308.767; 19181692.070603386
3309.249; 11677569.07039093
3309.731; 5282143.115445614
3310.213; 1222796.1918026651
3310.695; 2124.149432409483
3311.177; 4212434.787658488
3311.66; 2509311.846593633
3312.142; 11532196.778699934
3312.624; 17234859.730665643
3313.106; 22619523.242134333
3313.588; 26411441.409817435
3314.07; 28193971.137925822
3314.552; 28199392.457245577
3315.034; 38982295.97703211
3315.517; 24231836.293862272
3315.999; 39825004.77634113
3316.481; 50135917.19691045
3316.963; 65541153.139323846
3317.445; 83452068.04499839
3317.927; 100032449.29312982
3318.409; 111012520.92628323
3318.891; 138162745.93970352
3319.374; 87201493.42643732
3319.855; 163764123.96222982
3320.338; 110093400.68675405
3320.82; 140435378.09976473
3321.302; 153594779.05166686
3321.784; 170066947.73468348
3322.266; 186695738.20999116
3322.748; 202660791.30249718
3323.23; 218962470.05509976
3323.712; 272282627.5016664
3324.195; 256209286.80672505
3324.677; 339485374.7102129
3325.159; 407308524.09157234
3325.641; 486703560.3893709
3326.123; 563486931.3209078
3326.605; 622915069.1390749
3327.087; 653270870.7904553
3327.569; 708124286.6152444
3328.052; 610459756.8119711
3328.534; 638846151.4402171
3329.016; 622952012.9390352
3329.498; 621845232.2979456
3329.98; 636786632.7878721
3330.462; 668468723.9802217
3330.944; 716634679.0780056
3331.426; 778872770.8492544
3331.908; 917531435.3749386
3332.391; 913066503.7817438
3332.873; 1083529337.5107083
3333.355; 1198506487.1058059
3333.837; 1314201873.3996956
3334.319; 1418116241.3130438
3334.801; 1502726449.6389444
3335.283; 1562422223.0505602
3335.765; 1687790100.4843495
3336.248; 1580923258.060587
3336.73; 1689969997.3449829
3337.212; 1718274039.5888782
3337.694; 1758648420.2215328
3338.176; 1811930432.0330672
3338.658; 1881095501.5567584
3339.14; 1966845145.0819106
3339.622; 2062163597.2032485
3340.104; 2262627941.8688183
3340.587; 2194893319.6297255
3341.069; 2371725334.8367815
3341.551; 2420985358.511338
3342.033; 2448448354.2572913
3342.515; 2460286915.813073
3342.997; 2472698403.9765644
3343.479; 2498057317.401727
3343.961; 2661688384.7989845
3344.444; 2567794553.2671494
3344.926; 2788377050.5236197
3345.408; 2914336261.522628
3345.89; 3053898155.4263787
3346.372; 3202271618.465204
3346.854; 3365382685.38282
3347.336; 3544660256.2365513
3347.818; 3880155355.5749736
3348.301; 3855344983.216083
3348.783; 4158079854.397929
3349.265; 4239425753.467601
3349.747; 4211150537.744597
3350.229; 4063421136.4504313
3350.711; 3828613358.895055
3351.193; 3564848345.1623306
3351.675; 3330569897.6698475
3352.157; 3308085618.822355
3352.64; 3074154606.7789903
3353.122; 3290572611.8362026
3353.604; 3496669782.675274
3354.086; 3790102641.009433
3354.568; 4120609883.1646595
3355.05; 4437425307.053799
3355.532; 4690877958.876144
3356.014; 5022630304.670632
3356.497; 4846415102.747858
3356.979; 5024686533.989035
3357.461; 5007126774.513656
3357.943; 5001081167.77136
3358.425; 5038163237.899966
3358.907; 5147585392.882929
3359.389; 5338850286.146264
3359.871; 5801250259.920936
3360.354; 5678058336.044504
3360.835; 6734140846.095034
3361.318; 6608199305.599123
3361.8; 7168255519.641333
3362.282; 7490443151.720543
3362.764; 7792703085.944929
3363.246; 8077808752.330171
3363.728; 8346561184.698963
3364.21; 8574744606.736686
3364.692; 8972030620.536211
3365.175; 8676806135.188255
3365.657; 8876255869.384043
3366.139; 8754210566.241407
3366.621; 8591459527.764349
3367.103; 8438641535.694397
3367.585; 8354579942.864513
3368.067; 8379978855.716177
3368.549; 8518409231.630074
3369.031; 8995299891.068043
3369.514; 8928873379.838995
3369.996; 9498621076.977503
3370.478; 9812501367.030092
3370.96; 10091884234.45223
3371.442; 10322680044.021423
3371.924; 10514810066.557945
3372.406; 10674229048.304293
3372.888; 11089158753.853394
3373.371; 10808720873.584158
3373.853; 11215757426.456
3374.335; 11346399910.243315
3374.817; 11469451405.541939
3375.299; 11572763738.531008
3375.781; 11662067305.386055
3376.263; 11741717478.263988
3376.745; 12135121837.297585
3377.228; 11545680489.822079
3377.709; 12779212024.78271
3378.192; 12296855395.039238
3378.674; 12946768547.433836
3379.156; 13362024103.403463
3379.638; 13838571138.987486
3380.12; 14343460299.639906
3380.602; 14852848637.125084
3381.084; 15334253276.378794
3381.566; 16124805781.101473
3382.049; 15990916131.410238
3382.531; 16697818735.131977
3383.013; 16996944412.761734
3383.495; 17220557706.057877
3383.977; 17332750562.368057
3384.459; 17321813882.31749
3384.941; 17183793929.837044
3385.423; 17320570397.847755
3385.906; 16509319796.160706
3386.388; 16645506319.689026
3386.87; 16515180636.707235
3387.352; 16508464654.694708
3387.834; 16616727061.144796
3388.316; 16825379278.672659
3388.798; 17108620537.74562
3389.28; 17426562882.388832
3389.762; 18148691624.25101
3390.245; 17943867724.165367
3390.727; 18770701462.51417
3391.209; 19317016955.539482
3391.691; 19993869232.009018
3392.173; 20792793759.212833
3392.655; 21691882970.057964
3393.137; 22622391607.410854
3393.619; 23967027549.540806
3394.102; 24037346642.9674
3394.584; 25094949867.671135
3395.066; 25484905034.319313
3395.548; 25688157913.127945
3396.03; 25743246431.53527
3396.512; 25731597299.00649
3396.994; 25731583034.8989
3397.476; 25775621728.839184
3397.958; 26365547689.339165
3398.441; 25776166398.158108
3398.923; 26430404152.34141
3399.405; 26592089984.270313
3399.887; 26740754910.417976
3400.369; 26881914962.107174
3400.851; 27063705613.73448
3401.333; 27319988636.09175
3401.815; 28200588996.674305
3402.298; 27910365747.52753
3402.78; 29023032142.504585
3403.262; 29688049792.100853
3403.744; 30384148442.284874
3404.226; 31077441542.709274
3404.708; 31785613553.49677
3405.19; 32525952882.544537
3405.672; 33918611542.102226
3406.155; 33928950259.70187
3406.637; 35492241217.96556
3407.119; 36487123935.25698
3407.601; 37439238654.01189
3408.083; 38279265794.568375
3408.565; 39000895534.44414
3409.047; 39630799970.43872
3409.529; 40178456982.95099
3410.011; 41326913738.862915
3410.494; 40737909802.956184
3410.976; 41731530325.861336
3411.458; 41939707953.09783
3411.94; 42021219537.33793
3412.422; 41996077156.93486
3412.904; 41962429205.058426
3413.386; 42020464698.61572
3413.868; 42970624556.06873
3414.351; 42471127285.50287
3414.833; 43983492908.25146
3415.315; 45012534284.21152
3415.797; 46113686722.7699
3416.279; 47116013010.63067
3416.761; 47910005473.16803
3417.243; 48425715625.650955
3417.725; 49473351461.9173
3418.208; 47720705891.89965
3418.689; 50457394771.93679
3419.172; 48700199493.74917
3419.654; 49788247849.97132
3420.136; 50365670781.88031
3420.618; 51270558512.7395
3421.1; 52489812274.323555
3421.582; 53993019913.853676
3422.064; 55679411086.98995
3422.546; 58301985131.420685
3423.029; 58764884928.15836
3423.511; 61282847000.56571
3423.993; 62733159365.04022
3424.475; 63890683295.94979
3424.957; 64646099527.75821
3425.439; 64952544866.1365
3425.921; 64802290007.671
3426.403; 64205552205.92084
3426.885; 64178256372.89458
3427.368; 61745331021.549194
3427.85; 61638157404.35076
3428.332; 60938341930.95931
3428.814; 60675569801.60093
3429.296; 60871636528.27544
3429.778; 61487173920.28375
3430.26; 62376277520.6099
3430.742; 64310492839.412834
3431.225; 63974277996.35131
3431.707; 65929878033.292816
3432.189; 66982250448.22656
3432.671; 68118186074.95287
3433.153; 69380479873.27258
3433.635; 70817664092.3444
3434.117; 72388355170.32512
3434.599; 75087289567.4044
3435.082; 74164770324.08653
3435.563; 79352899309.56726
3436.046; 78016068212.13812
3436.528; 80193702088.5839
3437.01; 81120191890.58551
3437.492; 81977709040.28247
3437.974; 82810756190.894
3438.456; 83674036209.3447
3438.938; 84539074153.62671
3439.42; 86500206658.83075
3439.903; 85560943136.57304
3440.385; 87318269856.4384
3440.867; 87769484885.33255
3441.349; 88022931727.12581
3441.831; 88088604553.34811
3442.313; 88094626744.65198
3442.795; 88174835084.99002
3443.277; 89655808008.80128
3443.76; 88591719130.11252
3444.242; 90785299218.7911
3444.724; 92014056232.0849
3445.206; 93159667474.81859
3445.688; 93900360629.22002
3446.17; 94082701570.95926
3446.652; 93757044779.08287
3447.134; 93133467068.9194
3447.616; 93794273292.30571
3448.099; 91954681966.71208
3448.581; 93901206009.30432
3449.063; 95530876883.58194
3449.545; 97868670191.51521
3450.027; 100535584985.49315
3450.509; 103152107932.84654
3450.991; 105387337598.20918
3451.473; 108491970761.90735
3451.956; 107926545175.27051
3452.438; 110691967790.4431
3452.92; 112363409484.66211
3453.402; 114430063133.37552
3453.884; 116813859326.81006
3454.366; 119319932779.07597
3454.848; 121594752632.9409
3455.33; 124797371450.58826
3455.813; 123568085776.91673
3456.295; 125231932076.22012
3456.777; 124722802847.74757
3457.259; 123731367494.5672
3457.741; 122531059078.33784
3458.223; 121517387668.9162
3458.705; 121086331288.54709
3459.187; 121506365427.9803
3459.669; 124443858303.62694
3460.152; 124728224638.49036
3460.634; 129633075269.40446
3461.116; 133549521222.90579
3461.598; 137480194327.4055
3462.08; 140927840038.00482
3462.562; 143653321175.50742
3463.044; 145632754314.69562
3463.526; 148827986052.43167
3464.009; 147769561964.38953
3464.491; 151301856604.1349
3464.973; 153730566601.055
3465.455; 156712334302.94577
3465.937; 159967962979.05206
3466.419; 163210485859.95694
3466.901; 166201338046.15164
3467.383; 168769623774.8833
3467.865; 172850664961.63583
3468.348; 172109284887.45245
3468.83; 176196861055.32532
3469.312; 178711475161.68484
3469.794; 181547262544.33167
3470.276; 184509040872.9926
3470.758; 187367717681.78433
3471.24; 189776688848.4316
3471.722; 193490711188.23154
3472.205; 191335292531.01062
3472.687; 193361576799.16327
3473.169; 192646611128.25436
3473.651; 191426651952.44345
3474.133; 189986463632.8872
3474.615; 188761416583.9508
3475.097; 188106528590.66467
3475.579; 190382526252.38834
3476.062; 186660561580.6371
3476.543; 195727074740.31143
3477.026; 192973519157.9854
3477.508; 197071803188.86438
3477.99; 198244426957.3555
3478.472; 198225144212.70273
3478.954; 196846987729.33365
3479.436; 194281714969.88992
3479.918; 190801946034.69864
3480.4; 188791974070.19745
3480.883; 181693631109.17648
3481.365; 179692025667.7598
3481.847; 176127142731.26062
3482.329; 173074846146.68433
3482.811; 170578396982.42242
3483.293; 168737089367.53897
3483.775; 167527900347.57986
3484.257; 168806510733.96213
3484.74; 165696909226.33875
3485.222; 167528721461.91727
3485.704; 167241221808.01868
3486.186; 166445550142.4061
3486.668; 164943976936.26508
3487.15; 162843801904.74133
3487.632; 160427032199.5288
3488.114; 157946880752.4484
3488.596; 157582250032.24753
3489.079; 152604057959.015
3489.561; 152622596682.147
3490.043; 150569677363.49414
3490.525; 148046225066.08472
3491.007; 144768678485.5932
3491.489; 140728907070.93713
3491.971; 136048855103.75415
3492.453; 132926714712.05281
3492.936; 123374770064.91142
3493.417; 124730604981.78093
3493.9; 115582090707.9484
3494.382; 112766189567.04137
3494.864; 108388040703.26619
3495.346; 104298869847.21921
3495.828; 100573754494.72508
3496.31; 97373471138.14395
3496.792; 94772611277.60576
3497.274; 94403574892.06818
3497.757; 90764609714.02684
3498.239; 91642659490.52464
3498.721; 91518904959.65718
3499.203; 91893209681.62756
3499.685; 92734676922.73083
3500.167; 94139812977.51634
3500.649; 96166226474.90059
3501.131; 100590359388.6657
3501.614; 101423052766.53683
3502.096; 107169438748.44017
3502.578; 111550046225.45674
3503.06; 116024175502.75395
3503.542; 120302022482.80316
3504.024; 124284929279.3391
3504.506; 127993332756.18759
3504.988; 131432747706.01674
3505.47; 136828975544.59492
3505.953; 136757473086.92351
3506.435; 142039064750.16125
3506.917; 145122607189.65204
3507.399; 148144432809.99118
3507.881; 151031841346.13257
3508.363; 153832554754.2925
3508.845; 156523707460.25723
3509.327; 161528692092.89093
3509.81; 160549278382.4076
3510.292; 165578981946.2384
3510.774; 168271336255.40176
3511.256; 171059307477.1095
3511.738; 173957991077.24493
3512.22; 177103694694.46573
3512.702; 180485972867.7891
3513.184; 186685975440.2933
3513.667; 186211471065.5577
3514.149; 191986469083.32666
3514.631; 194237040885.9038
3515.113; 195271330151.03812
3515.595; 194941348673.7908
3516.077; 193598299690.60065
3516.559; 191919015826.4664
3517.041; 190629144486.70734
3517.523; 193217848223.77982
3518.006; 190801557989.25534
3518.488; 197252208600.03506
3518.97; 202942537352.11053
3519.452; 210037834807.31644
3519.934; 217616386011.07327
3520.416; 224761614986.9718
3520.898; 230549250938.9624
3521.38; 237605912014.23013
3521.863; 234848338089.26584
3522.345; 238447299220.72308
3522.827; 238082797419.83057
3523.309; 237757917961.75577
3523.791; 238207142804.95447
3524.273; 240095275054.54044
3524.755; 243725905455.44247
3525.237; 248821704051.03534
3525.719; 258154982761.27704
3526.202; 259168207455.85898
3526.684; 267947908076.49228
3527.166; 272037323827.43985
3527.648; 274566728023.78458
3528.13; 275572548036.524
3528.612; 275532778061.33734
3529.094; 274916644713.7908
3529.576; 277779793624.2242
3530.059; 272230420155.36725
3530.541; 276141991596.70905
3531.023; 277334268838.55756
3531.505; 279278789799.2509
3531.987; 281776314749.3384
3532.469; 284714185139.0141
3532.951; 287777462028.1405
3533.433; 294514627517.37646
3533.916; 287840439554.8919
3534.397; 302761040188.3739
3534.88; 294461213238.545
3535.362; 298930344594.47363
3535.844; 299994475873.9532
3536.326; 302599867418.39465
3536.808; 307736785801.2835
3537.29; 316278057209.1889
3537.772; 328432851384.8062
3538.254; 348056411449.14746
3538.737; 359232682758.2636
3539.219; 381676599619.1468
3539.701; 398164972873.5208
3540.183; 411091680421.0885
3540.665; 418997238401.51654
3541.147; 421575791835.79767
3541.629; 419341024296.13464
3542.111; 418420022853.4952
3542.594; 404192900016.6479
3543.076; 401810573402.526
3543.558; 396264928070.18646
3544.04; 392741187500.06274
3544.522; 391029242123.93176
3545.004; 390661312858.5162
3545.486; 390995958465.5783
3545.968; 391338510339.407
3546.45; 396043697515.2566
3546.933; 389650536049.77
3547.415; 395467509646.3136
3547.897; 398432391953.7256
3548.379; 403448834097.209
3548.861; 410329752168.6521
3549.343; 418619807220.7758
3549.825; 427416157421.76685
3550.307; 440994926769.62335
3550.79; 436679615195.5612
3551.271; 460898384111.2751
3551.754; 454278259946.6267
3552.236; 464378788658.4783
3552.718; 468742069035.3017
3553.2; 472585009378.62964
3553.682; 475681627171.41174
3554.164; 478028124079.8838
3554.646; 479637702139.2359
3555.128; 486097581507.1171
3555.611; 480154903791.3269
3556.093; 488151793950.1225
3556.575; 492480456130.5478
3557.057; 498041034152.7756
3557.539; 504024342860.5331
3558.021; 509632151757.2427
3558.503; 513999098957.79877
3558.985; 522166152579.4503
3559.468; 515704540316.0082
3559.95; 521950551259.34424
3560.432; 522939364008.462
3560.914; 524503154568.45264
3561.396; 526777106412.1296
3561.878; 529972159105.65
3562.36; 534246496210.75244
3562.842; 539540416334.83746
3563.324; 551451492361.6045
3563.807; 550754607988.9452
3564.289; 564678450305.0769
3564.771; 573087968477.3615
3565.253; 580147607440.1294
3565.735; 584251791212.6726
3566.217; 584415685715.5795
3566.699; 580251191058.8617
3567.181; 577946178634.8461
3567.664; 559739091842.1644
3568.146; 554564297549.2728
3568.628; 544455521966.1547
3569.11; 535093789101.83673
3569.592; 525810777810.28033
3570.074; 515702787555.1457
3570.556; 503679117337.2886
3571.038; 494523591176.26526
3571.521; 469950853902.95374
3572.003; 457036828408.0109
3572.485; 438393204805.4468
3572.967; 420008310320.0187
3573.449; 402237033540.3916
3573.931; 385383788783.0455
3574.413; 369603005406.39624
3574.895; 354853008564.56036
3575.377; 346110993628.791
3575.86; 327104249475.23065
3576.342; 321675476433.86346
3576.824; 313344932583.3171
3577.306; 306106754200.2733
3577.788; 298758645957.7313
3578.27; 290113307259.98755
3578.752; 279023105251.6081
3579.234; 269233469279.50995
3579.717; 246461078434.48047
3580.199; 232282453146.8506
3580.681; 213842253934.244
3581.163; 196366298558.49374
3581.645; 180667523148.99442
3582.127; 167273108548.29703
3582.609; 156276205579.66415
3583.091; 147351644629.2752
3583.573; 143232639102.07758
3584.056; 133216694364.46239
3584.538; 132328606199.56204
3585.02; 130491130158.6364
3585.502; 130871045461.2938
3585.984; 133502555280.82959
3586.466; 138275793812.25482
3586.948; 144617147534.0767
3587.43; 155041846749.24155
3587.913; 156871619308.60468
3588.395; 166060649574.0251
3588.877; 170159342263.21866
3589.359; 172498411854.5455
3589.841; 173402048355.72144
3590.323; 173633201828.06738
3590.805; 173812707241.5664
3591.287; 178263917585.11005
3591.77; 170200269029.11298
3592.251; 184708313987.3415
3592.734; 176304826819.1511
3593.216; 180449288610.677
3593.698; 180015723520.46582
3594.18; 179196353903.71362
3594.662; 178444910220.7053
3595.144; 178468566262.46088
3595.626; 179841258949.15274
3596.108; 187221091936.8334
3596.591; 187398878809.99396
3597.073; 201232395748.44067
3597.555; 215369908578.96225
3598.037; 234239727191.97525
3598.519; 257413696060.9251
3599.001; 283548681418.55743
3599.483; 309844886079.25574
3599.965; 339056115520.72284
3600.448; 346485731574.2095
3600.93; 362129010892.11633
3601.412; 364949511249.9709
3601.894; 364349618872.56824
3602.376; 364125456614.3693
3602.858; 367966896888.9617
3603.34; 378098716132.3106
3603.822; 394387406597.06445
3604.304; 422281272057.1272
3604.787; 432532286884.64325
3605.269; 459819716532.31415
3605.751; 476437839180.9987
3606.233; 491306349629.4059
3606.715; 507690650655.74725
3607.197; 530213911666.5097
3607.679; 562796431012.1584
3608.161; 618035552962.8223
3608.644; 651117602503.2153
3609.125; 756122728856.2329
3609.608; 801957242648.7133
3610.09; 887916628768.0243
3610.572; 960618392134.7665
3611.054; 1031085896187.2217
3611.536; 1099065893913.806
3612.018; 1164692289453.7961
3612.5; 1227400177637.833
3612.982; 1299520866457.5264
3613.465; 1340505975025.25
3613.947; 1412465197797.7144
3614.429; 1476799216066.7458
3614.911; 1545217070487.5022
3615.393; 1612813783471.347
3615.875; 1670056850502.186
3616.357; 1704892216065.9
3616.839; 1706090360539.0918
3617.322; 1676398190768.2026
3617.804; 1598354799984.1287
3618.286; 1488844486980.6987
3618.768; 1347308500706.828
3619.25; 1185433427692.1704
3619.732; 1021590443945.2894
3620.214; 875320536305.6388
3620.696; 759834380077.8464
3621.178; 664870556354.121
3621.661; 627656176414.3667
3622.143; 575637398860.7231
3622.625; 539257933866.4193
3623.107; 496252429491.28613
3623.589; 441258110050.2046
3624.071; 374598490034.01306
3624.553; 302327106732.05084
3625.035; 225658497958.9699
3625.518; 173581007970.11536
3626.0; 118879779693.57458
3626.482; 81297667349.62186
3626.964; 53880563328.72619
3627.446; 34682214892.40713
3627.928; 21707512062.463364
3628.41; 13299104004.687302
3628.892; 7272500999.519699
3629.375; 5073505691.038064
3629.857; 2478841373.8476677
3630.339; 1134027684.9555192
3630.821; 277358350.7423972
3631.303; 4753119.28493291
3631.785; 509139294.7937268
3632.267; 1858180765.980801
3632.749; 3828853668.971333
3633.231; 6513356477.477275
3633.714; 7750925527.81296
3634.196; 10067048900.660229
3634.678; 11646133516.151987
3635.16; 13339465804.723928
3635.642; 15463897106.120188
3636.124; 18295284981.780273
3636.606; 21917346732.556126
3637.088; 27055418966.64286
3637.571; 30424549506.425293
3638.053; 35895490201.16032
3638.535; 39992893115.46679
3639.017; 43317075595.48387
3639.499; 45746914427.66978
3639.981; 47374118417.34839
3640.463; 48403012574.25568
3640.945; 49038808976.38324
3641.427; 50437368573.650276
3641.91; 49488446609.80967
3642.392; 50997028601.012
3642.874; 51677933619.72261
3643.356; 52393676191.96001
3643.838; 52985687255.204636
3644.32; 53312919884.40153
3644.802; 53213473498.73468
3645.284; 53505866827.10024
3645.767; 50993635870.94148
3646.249; 50248810288.78676
3646.731; 48197301624.2393
3647.213; 45858649308.11676
3647.695; 43379148454.86722
3648.177; 40992739355.370224
3648.659; 38937678610.01593
3649.141; 38298129045.78698
3649.624; 35586808357.1854
3650.105; 38510959598.96924
3650.588; 37210832011.57868
3651.07; 39189412288.25708
3651.552; 40415201028.93083
3652.034; 41417128502.80157
3652.516; 41922213293.93244
3652.998; 41825077847.24698
3653.48; 41161000670.06797
3653.962; 40981703736.947525
3654.445; 38731896202.70619
3654.927; 38861597990.00426
3655.409; 38709792934.2811
3655.891; 39110755244.23133
3656.373; 39888801316.69134
3656.855; 40805611555.7603
3657.337; 41595565325.78577
3657.819; 42940749503.966
3658.302; 41865318531.31999
3658.784; 42635394674.2539
3659.266; 42406208001.0904
3659.748; 42110642517.00544
3660.23; 41793896383.75382
3660.712; 41512269762.82722
3661.194; 41306120966.705894
3661.676; 41178730116.66549
3662.158; 42003586561.88848
3662.641; 40924077022.519135
3663.123; 42177169231.22734
3663.605; 42872605673.51638
3664.087; 43814195984.65639
3664.569; 44888952864.93336
3665.051; 45966555311.257286
3665.533; 46858270653.46095
3666.015; 48299881090.491455
3666.498; 46295326416.38598
3666.979; 48985437092.32955
3667.462; 46209083894.4505
3667.944; 46355656541.50037
3668.426; 45945050995.27026
3668.908; 46203291384.39823
3669.39; 47299632191.83764
3669.872; 49173907954.227295
3670.354; 51460772319.12117
3670.836; 54521499909.41234
3671.319; 54755783258.20629
3671.801; 56195944039.59822
3672.283; 55613341911.391975
3672.765; 54058855451.45836
3673.247; 51982168684.76496
3673.729; 50092373476.36689
3674.211; 49089714872.781906
3674.693; 50308141831.48798
3675.176; 50850057651.3215
3675.658; 54591384119.98179
3676.14; 57906475198.874435
3676.622; 61007949203.443085
3677.104; 63464135706.49727
3677.586; 65194975048.70289
3678.068; 66377281448.190414
3678.55; 67284781025.00683
3679.032; 69156721315.1955
3679.515; 69007557313.79532
3679.997; 71604891537.15753
3680.479; 73727032067.4462
3680.961; 76243690118.82169
3681.443; 79048988022.48532
3681.925; 82081202683.82094
3682.407; 85244719986.11797
3682.889; 89412757465.37642
3683.372; 91092469485.46793
3683.854; 94923218297.77731
3684.336; 97323461174.10487
3684.818; 99071568466.8628
3685.3; 100056900095.44048
3685.782; 100373631440.8152
3686.264; 100267368153.06181
3686.746; 101097948388.00975
3687.229; 100039317912.53342
3687.711; 102154774073.14818
3688.193; 104309369221.03946
3688.675; 107355966152.26294
3689.157; 111044466494.40132
3689.639; 115140286957.90506
3690.121; 119459010696.20769
3690.603; 123839130946.4792
3691.085; 129125667399.28075
3691.568; 131937742465.34749
3692.05; 136867984400.06044
3692.532; 140504085720.78745
3693.014; 143681985154.47015
3693.496; 146347412671.591
3693.978; 148593704428.23273
3694.46; 150585719920.17853
3694.942; 153490050189.55325
3695.425; 154366309787.5842
3695.907; 157920661981.35294
3696.389; 160957718884.55435
3696.871; 164209712088.474
3697.353; 167378061390.20148
3697.835; 170206775366.5817
3698.317; 172537549770.5086
3698.799; 174335039893.04593
3699.281; 176631391849.15952
3699.764; 176707928590.11188
3700.246; 179242776768.3758
3700.728; 181498346117.372
3701.21; 184462536160.61652
3701.692; 188063333540.1945
3702.174; 192129167534.17398
3702.656; 196399108214.30505
3703.138; 201487355766.76205
3703.621; 204370826663.7444
3704.103; 209105677971.57013
3704.585; 212807218586.2396
3705.067; 216286829096.2288
3705.549; 219500194909.35535
3706.031; 222419916183.87576
3706.513; 224990474959.85382
3706.995; 227988359707.42743
3707.478; 228016797047.521
3707.959; 232332307725.87054
3708.442; 232072456835.9709
3708.924; 234544683394.99664
3709.406; 236639775163.46143
3709.888; 239390971095.28665
3710.37; 242991506513.45428
3710.852; 247548623645.31802
3711.334; 252982900208.65222
3711.816; 259758271136.82538
3712.299; 265168638058.9094
3712.781; 272212681671.60553
3713.263; 278227947157.8598
3713.745; 283651279893.6185
3714.227; 288361206899.83124
3714.709; 292392041732.37134
3715.191; 295868003233.72925
3715.673; 299580776747.7187
3716.156; 301801456235.0673
3716.638; 305581377093.8375
3717.12; 309095741913.8272
3717.602; 312929317979.3714
3718.084; 316990725517.815
3718.566; 321158910442.3596
3719.048; 325316237818.7631
3719.53; 329373544737.1701
3720.012; 333790901810.7376
3720.495; 337006557125.2918
3720.977; 341375427791.1002
3721.459; 345347499787.7901
3721.941; 349354551138.79456
3722.423; 353317620570.3759
3722.905; 357165967323.3803
3723.387; 360852238659.86475
3723.869; 364795665870.5795
3724.352; 367455954784.2759
3724.833; 372402435829.6541
3725.316; 375563268082.0439
3725.798; 380289102938.64417
3726.28; 385002526214.4206
3726.762; 389889661215.2644
3727.244; 394713275235.0434
3727.726; 399258728240.42816
3728.208; 403378854229.29095
3728.69; 407290045626.25525
3729.173; 410247722095.60065
3729.655; 413602444410.3685
3730.137; 416751875865.55084
3730.619; 420101815097.762
3731.101; 423726933543.2406
3731.583; 427591870096.62885
3732.065; 431566082019.3655
3732.547; 435666034421.28265
3733.03; 439274100333.592
3733.512; 443149370867.3979
3733.994; 446883186262.4732
3734.476; 450750237390.2569
3734.958; 454834789871.82886
3735.44; 459133896898.797
3735.922; 463554049949.4797
3736.404; 467961252378.7968
3736.886; 472304985873.56854
3737.369; 476362833345.85046
3737.851; 480357288123.04694
3738.333; 484133395538.041
3738.815; 487561195155.62244
3739.297; 487804008346.7129
