2617.894; 5.039979877048678
2618.376; 5.0402679805683235
2618.858; 4.683542755557956
2619.34; 4.485612981517211
2619.822; 4.347220761556211
2620.304; 4.2405802620888
2620.786; 4.152294918735779
2621.269; 4.082219764028135
2621.75; 4.013887208318147
2622.233; 3.9610898364465568
2622.715; 3.909446651117981
2623.197; 3.864031934592717
2623.679; 3.822624072005842
2624.161; 3.784663265590907
2624.643; 3.7496458071339283
2625.125; 3.7171786053330216
2625.607; 3.685472140326882
2626.09; 3.658954148527073
2626.572; 3.6304598110403132
2627.054; 3.6045536554428845
2627.536; 3.579714384962915
2628.018; 3.5559235704546284
2628.5; 3.533148821875595
2628.982; 3.5114181999109113
2629.464; 3.489306332734156
2629.947; 3.4715759344055335
2630.429; 3.4512409984041397
2630.911; 3.433060584167083
2631.393; 3.4156046839210656
2631.875; 3.3988940710544084
2632.357; 3.382889898514324
2632.839; 3.3675390815839665
2633.321; 3.3528243557487953
2633.803; 3.3372686273678496
2634.286; 3.325593107314364
2634.768; 3.310771862753053
2635.25; 3.2975703810355816
2635.732; 3.2845916875873122
2636.214; 3.2719140534063507
2636.696; 3.2595784216946035
2637.178; 3.247664791093711
2637.66; 3.234778618293778
2638.143; 3.2257060579681123
2638.625; 3.2134165458214348
2639.107; 3.202662367236234
2639.589; 3.191994958082983
2640.071; 3.1814381274059396
2640.553; 3.170996317926045
2641.035; 3.1607480607336926
2641.517; 3.149335361815053
2642.0; 3.141629771537205
2642.482; 3.1306701351375668
2642.964; 3.121304956720455
2643.446; 3.112141097301214
2643.928; 3.1032222793935973
2644.41; 3.094529481610337
2644.892; 3.0860415670440204
2645.374; 3.077794529587563
2645.856; 3.068379706022738
2646.339; 3.0626220170862326
2646.821; 3.0535197351301786
2647.303; 3.04590335409173
2647.785; 3.038375654675064
2648.267; 3.030986420428854
2648.749; 3.0237299422344015
2649.231; 3.0166412192184215
2649.713; 3.008296352678074
2650.196; 3.0035057505793215
2650.678; 2.9952343496680838
2651.16; 2.9883053227684213
2651.642; 2.9813213498086393
2652.124; 2.9743532450905867
2652.606; 2.9674321082591844
2653.088; 2.9605984113968464
2653.57; 2.9539483092768934
2654.052; 2.9461149545721885
2654.535; 2.941962628676164
2655.017; 2.9344581335202804
2655.499; 2.9284207455081104
2655.981; 2.9224075807398404
2656.463; 2.916427789598459
2656.945; 2.9104507343104435
2657.427; 2.9045141083168486
2657.909; 2.897224515466476
2658.392; 2.8934703836982223
2658.874; 2.886269009467341
2659.356; 2.880534508824126
2659.838; 2.874918106820375
2660.32; 2.869506662848541
2660.802; 2.8643080509958763
2661.284; 2.8593434782497527
2661.766; 2.853107112208651
2662.249; 2.8518477955392267
2662.73; 2.84220504544599
2663.213; 2.8408982852299216
2663.695; 2.8345999205355312
2664.177; 2.829620187268854
2664.659; 2.8245222448799323
2665.141; 2.8193891243962943
2665.623; 2.8142677039573085
2666.105; 2.8092536142579334
2666.587; 2.8029749856525115
2667.07; 2.800317021719491
2667.552; 2.794237293418819
2668.034; 2.789600416963524
2668.516; 2.7849965032790966
2668.998; 2.780469945140508
2669.48; 2.776011890616
2669.962; 2.7716593917204237
2670.444; 2.7659914379652406
2670.927; 2.7638655789012816
2671.409; 2.758235023767188
2671.891; 2.7539912615260675
2672.373; 2.749770391270629
2672.855; 2.7456687535180633
2673.337; 2.7417136502317265
2673.819; 2.737902426337853
2674.301; 2.7342499933182944
2674.783; 2.72928197104455
2675.266; 2.727785088107926
2675.748; 2.7226328763882335
2676.23; 2.7186634266593965
2676.712; 2.7144932797637935
2677.194; 2.710243772046552
2677.676; 2.7060094674622235
2678.158; 2.7019212233020413
2678.64; 2.6965659797997414
2679.123; 2.6962876229547437
2679.604; 2.6876853068990822
2680.087; 2.687548212713848
2680.569; 2.682464308272724
2681.051; 2.6787557705995124
2681.533; 2.6749817871154926
2682.015; 2.671242376098405
2682.497; 2.6676034912408246
2682.979; 2.6641659898680485
2683.461; 2.659537186538503
2683.944; 2.6585729532322073
2684.426; 2.654160271227596
2684.908; 2.6511290106894383
2685.39; 2.6480396470037997
2685.872; 2.6449329376348913
2686.354; 2.641813700077922
2686.836; 2.638736221183739
2687.318; 2.634281927982201
2687.801; 2.6333136692695964
2688.283; 2.628732690891696
2688.765; 2.625418493266566
2689.247; 2.6219896005606307
2689.729; 2.6185561704530516
2690.211; 2.6151880530834943
2690.693; 2.6119443928031747
2691.175; 2.6089035916147663
2691.657; 2.6046313345826912
2692.14; 2.603950225068679
2692.622; 2.5996857764836347
2693.104; 2.596656733917608
2693.586; 2.5934277363017872
2694.068; 2.5900854257466004
2694.55; 2.5867134521617974
2695.032; 2.583461914819815
2695.514; 2.5789972735967397
2695.997; 2.5782508744754478
2696.479; 2.5741156685344433
2696.961; 2.571442439573848
2697.443; 2.568767779421157
2697.925; 2.5661092681862154
2698.407; 2.5634608272819075
2698.889; 2.5608867285103885
2699.371; 2.556989566983467
2699.854; 2.556667038807457
2700.336; 2.552800130693477
2700.818; 2.550246268828298
2701.3; 2.5475536378397523
2701.782; 2.5447531075676606
2702.264; 2.541852302627941
2702.746; 2.5388928944734332
2703.228; 2.5359944242898123
2703.71; 2.5318108397320893
2704.193; 2.5312974650192874
2704.675; 2.5273656906430504
2705.157; 2.5249141508716275
2705.639; 2.5225059667720875
2706.121; 2.5201684588792084
2706.603; 2.5178827160782427
2707.085; 2.5156832900915864
2707.567; 2.5121350285718123
2708.05; 2.512120658588038
2708.532; 2.5084979128348266
2709.014; 2.5061486679313156
2709.496; 2.503646358050741
2709.978; 2.5010523742079824
2710.46; 2.4983925185367353
2710.942; 2.4957041437008263
2711.424; 2.4930781860944244
2711.906; 2.489118973211472
2712.389; 2.488749909327616
2712.871; 2.484827424072237
2713.353; 2.482258684960107
2713.835; 2.479626572356853
2714.317; 2.4770076775593233
2714.799; 2.4744453168821066
2715.281; 2.4720358189712752
2715.763; 2.4683896103096146
2716.246; 2.468435533560731
2716.728; 2.4650259628487046
2717.21; 2.4630583910148065
2717.692; 2.4610913115436794
2718.174; 2.4591629608909686
2718.656; 2.4572644312024465
2719.138; 2.4554247335053505
2719.62; 2.452132831256948
2720.103; 2.453740718793923
2720.584; 2.446682128538051
2721.067; 2.4479359701111925
2721.549; 2.4439796281739863
2722.031; 2.441259989217178
2722.513; 2.4383867185716515
2722.995; 2.435524839257871
2723.477; 2.432791563901276
2723.959; 2.4303184692586255
2724.441; 2.4267027351088535
2724.924; 2.4268480477309042
2725.406; 2.4235309997553927
2725.888; 2.4216221935979405
2726.37; 2.4196562021397163
2726.852; 2.41767881169769
2727.334; 2.4157102362255034
2727.816; 2.4138257763999214
2728.298; 2.4106098139414414
2728.781; 2.4109901481998497
2729.263; 2.4077823632996846
2729.745; 2.405902409227309
2730.227; 2.4039186113583115
2730.709; 2.401894721297624
2731.191; 2.3998499720325057
2731.673; 2.3978022445816167
2732.155; 2.395814325519823
2732.637; 2.3924574751785217
2733.12; 2.3926745014729085
2733.602; 2.38930045875542
2734.084; 2.3873120869021798
2734.566; 2.385332171136273
2735.048; 2.383465322040598
2735.53; 2.381741065382791
2736.012; 2.3801897882416814
2736.494; 2.3772645301888478
2736.977; 2.3793089468319337
2737.458; 2.3726628934727785
2737.941; 2.374382713005115
2738.423; 2.370896357630425
2738.905; 2.3687008749580816
2739.387; 2.3664044293885262
2739.869; 2.3641514181449232
2740.351; 2.362015584463127
2740.833; 2.3600793625013132
2741.315; 2.3568983778378043
2741.798; 2.3573965746713537
2742.28; 2.354335628477455
2742.762; 2.352648027362039
2743.244; 2.3508899683501374
2743.726; 2.349112025250092
2744.208; 2.3473115901855675
2744.69; 2.3455261542654364
2745.172; 2.3422976401446554
2745.655; 2.34257809368496
2746.137; 2.339159901852422
2746.619; 2.3370432942576373
2747.101; 2.334850362802068
2747.583; 2.332702286016332
2748.065; 2.3306568634997396
2748.547; 2.328749299471518
2749.029; 2.3270424956850952
2749.511; 2.324088145558753
2749.994; 2.3248313233142195
2750.476; 2.3220357370093163
2750.958; 2.3206565133365284
2751.44; 2.3192546733742936
2751.922; 2.3178855407818526
2752.404; 2.3165526020408382
2752.886; 2.3153024504278203
2753.368; 2.3126844357278213
2753.851; 2.3136541965921915
2754.333; 2.3109772382700555
2754.815; 2.3096172276702083
2755.297; 2.308136755113904
2755.779; 2.306594325070866
2756.261; 2.305002017779746
2756.743; 2.3034240014870653
2757.225; 2.300430761916966
2757.708; 2.30102302861774
2758.19; 2.297971778176561
2758.672; 2.296271864771418
2759.154; 2.2944817795662207
2759.636; 2.292645209996945
2760.118; 2.290746174296137
2760.6; 2.288774696354414
2761.082; 2.2867934673160937
2761.564; 2.2833891605247896
2762.047; 2.2836181034064125
2762.529; 2.28027932683125
2763.011; 2.278429048967079
2763.493; 2.2766518257641106
2763.975; 2.2750009821293675
2764.457; 2.2734514785542332
2764.939; 2.272012741109096
2765.421; 2.269195257757355
2765.904; 2.269977436297696
2766.386; 2.2670887572982563
2766.868; 2.2655501843015253
2767.35; 2.263940718636191
2767.832; 2.262335105926997
2768.314; 2.2607408514196634
2768.796; 2.2591534762963414
2769.278; 2.25761811905509
2769.76; 2.254679206231032
2770.243; 2.2553516567506717
2770.725; 2.2523663156484464
2771.207; 2.2507550294426966
2771.689; 2.2490916148642075
2772.171; 2.2474536743931166
2772.653; 2.245866805009605
2773.135; 2.244403565768887
2773.617; 2.2416277694463274
2774.1; 2.2425657229564546
2774.582; 2.239927545618084
2775.064; 2.2387142952582675
2775.546; 2.2374436275437968
2776.028; 2.236125217804575
2776.51; 2.2347145912557247
2776.992; 2.233223974662816
2777.474; 2.230134222902785
2777.957; 2.232012566646611
2778.438; 2.2251184708682707
2778.921; 2.226924905778858
2779.403; 2.2237138064346453
2779.885; 2.222093686702496
2780.367; 2.220585169239781
2780.849; 2.21922710900735
2781.331; 2.2179773509942033
2781.813; 2.216821573749387
2782.295; 2.2142301701121267
2782.778; 2.2151789560942268
2783.26; 2.21232465034434
2783.742; 2.210712256999355
2784.224; 2.2089354265761383
2784.706; 2.20712651140635
2785.188; 2.205377524244665
2785.67; 2.2038189948011264
2786.152; 2.201039541653511
2786.635; 2.202085332908667
2787.117; 2.199601324136201
2787.599; 2.1985661970230113
2788.081; 2.1974519494937863
2788.563; 2.1962522914603486
2789.045; 2.194933478934637
2789.527; 2.1934996268629705
2790.009; 2.192048547871657
2790.491; 2.189192574074853
2790.974; 2.190061220798566
2791.456; 2.187395122584115
2791.938; 2.1862886459067212
2792.42; 2.185294339422782
2792.902; 2.1844417773497993
2793.384; 2.1836796171115314
2793.866; 2.1829879757770922
2794.348; 2.1808277637030233
2794.831; 2.1821872895777923
2795.313; 2.179684244051975
2795.795; 2.178364292576647
2796.277; 2.1767944145681994
2796.759; 2.1750880441661753
2797.241; 2.1733292703713594
2797.723; 2.17165735162583
2798.205; 2.168636830284603
2798.688; 2.170928268432408
2799.169; 2.1646523541243887
2799.652; 2.1673248350162435
2800.134; 2.164972100154158
2800.616; 2.164087717473406
2801.098; 2.1630340886907655
2801.58; 2.16175867599972
2802.062; 2.1602089954946804
2802.544; 2.158449268467323
2803.026; 2.155082382972556
2803.509; 2.155323429962386
2803.991; 2.15191221154606
2804.473; 2.1500496773558258
2804.955; 2.148317797239857
2805.437; 2.146760931021139
2805.919; 2.1453154117365107
2806.401; 2.143894657194867
2806.883; 2.142479198526676
2807.365; 2.1395577412041034
2807.848; 2.1402374424231487
2808.33; 2.1371610718981215
2808.812; 2.1354941465886097
2809.294; 2.1338304296652355
2809.776; 2.1322778261934827
2810.258; 2.130872090152187
2810.74; 2.1296798896745033
2811.222; 2.127224293365437
2811.705; 2.128586369761203
2812.187; 2.1263352967455402
2812.669; 2.1255270046177146
2813.151; 2.1246364959632977
2813.633; 2.1236623513952595
2814.115; 2.122560227992559
2814.597; 2.121359114596138
2815.079; 2.118589327151932
2815.562; 2.119400316976243
2816.044; 2.116439823490058
2816.526; 2.114889229250538
2817.008; 2.1133366033681087
2817.49; 2.1118800710521124
2817.972; 2.1105398593510887
2818.454; 2.1093227754486454
2818.936; 2.108288127402588
2819.418; 2.105964210105011
2819.901; 2.107462933884463
2820.383; 2.1053500312762186
2820.865; 2.1047011143013084
2821.347; 2.103981549530325
2821.829; 2.1031739667194675
2822.311; 2.102213118844186
2822.793; 2.1011090536813146
2823.275; 2.0983740819343506
2823.758; 2.099172770111168
2824.24; 2.096130554835022
2824.722; 2.09445978863229
2825.204; 2.0927589219463134
2825.686; 2.0911414929978642
2826.168; 2.0896404637534367
2826.65; 2.0883126033158934
2827.132; 2.0856548406137736
2827.615; 2.086773181822627
2828.097; 2.084179251522589
2828.579; 2.082982420099892
2829.061; 2.0816844551313745
2829.543; 2.0803419035201136
2830.025; 2.0789742637130204
2830.507; 2.0776204095337594
2830.989; 2.0763877701304807
2831.471; 2.073839690598343
2831.954; 2.0751455318562244
2832.436; 2.0728295490586763
2832.918; 2.071986509831832
2833.4; 2.071057446234362
2833.882; 2.0700189782738687
2834.364; 2.0688139854405607
2834.846; 2.0674680964433785
2835.328; 2.064452102939603
2835.811; 2.066522957627953
2836.292; 2.059602332510975
2836.775; 2.0615833987001846
2837.257; 2.0583739829238996
2837.739; 2.0567277470552634
2838.221; 2.05514303104979
2838.703; 2.0537219464899903
2839.185; 2.052523358476302
2839.667; 2.051646411217888
2840.149; 2.0496122987718035
2840.632; 2.051531383733571
2841.114; 2.0498284758441803
2841.596; 2.0495278797260252
2842.078; 2.049013113796592
2842.56; 2.0482464817657404
2843.042; 2.0472010384125814
2843.524; 2.045971955741123
2844.006; 2.043162081946843
2844.489; 2.0440624965705307
2844.971; 2.041282875362352
2845.453; 2.040064678191314
2845.935; 2.038936526401185
2846.417; 2.0379271487143114
2846.899; 2.036977321572053
2847.381; 2.03602003825504
2847.863; 2.0350570773183576
2848.345; 2.0325613846987913
2848.828; 2.033706943806366
2849.31; 2.0309943848446688
2849.792; 2.029643189894739
2850.274; 2.028215003567369
2850.756; 2.0268311840547635
2851.238; 2.0255563135070855
2851.72; 2.0244875833590665
2852.202; 2.0221363400037013
2852.685; 2.0236608550203092
2853.167; 2.0214682195286597
2853.649; 2.020661361567659
2854.131; 2.0196591684702403
2854.613; 2.0184552940774028
2855.095; 2.0170290407399865
2855.577; 2.015454447400156
2856.059; 2.0122412728726573
2856.542; 2.0142600649837967
2857.023; 2.0073543866806007
2857.506; 2.0096085209035763
2857.988; 2.006810800648439
2858.47; 2.005734189053863
2858.952; 2.004772939928485
2859.434; 2.0038948038226234
2859.916; 2.0030070704762366
2860.398; 2.0020816487054622
2860.88; 1.9995629630565133
2861.363; 2.0006540715266565
2861.845; 1.9978358079494678
2862.327; 1.9963940047125455
2862.809; 1.9949217794379241
2863.291; 1.993570429046034
2863.773; 1.9924130361926622
2864.255; 1.9914893389416584
2864.737; 1.9908561286302926
2865.219; 1.9889675499244044
2865.702; 1.9909508128819617
2866.184; 1.9891332182693615
2866.666; 1.988603772325021
2867.148; 1.9877579154081266
2867.63; 1.98659752553688
2868.112; 1.9851389945524327
2868.594; 1.983522418812088
2869.076; 1.9803752631745764
2869.559; 1.9810815346271564
2870.041; 1.978180098661122
2870.523; 1.976960535493109
2871.005; 1.9758931990052355
2871.487; 1.9749475938955734
2871.969; 1.9740122313145276
2872.451; 1.9730493122704902
2872.933; 1.9705148347881902
2873.416; 1.9716828211774704
2873.898; 1.9690580579936192
2874.38; 1.9679839787774542
2874.862; 1.9670262608206444
2875.344; 1.9662484926252994
2875.826; 1.9655854856481008
2876.308; 1.9649309058146571
2876.79; 1.96424177468502
2877.272; 1.9619527346934478
2877.755; 1.963316523441278
2878.237; 1.9607934006186933
2878.719; 1.9597082213601666
2879.201; 1.958611457905434
2879.683; 1.9575721918798943
2880.165; 1.9565517167753879
2880.647; 1.9555304333368762
2881.129; 1.9529166816175656
2881.612; 1.9539283124054407
2882.094; 1.9509525992219328
2882.576; 1.9493079497713015
2883.058; 1.9475648580925549
2883.54; 1.9458624252851284
2884.022; 1.9442586383962035
2884.504; 1.9428296337114457
2884.986; 1.940049808228261
2885.469; 1.9411670476021987
2885.951; 1.9385428664670343
2886.433; 1.9374543936256199
2886.915; 1.9364133541323314
2887.397; 1.9355080725983504
2887.879; 1.934755153259077
2888.361; 1.934148719362963
2888.843; 1.9337162195310431
2889.325; 1.9318882294231268
2889.808; 1.9338551062662668
2890.29; 1.9319088235210669
2890.772; 1.9312375322369881
2891.254; 1.930274081191841
2891.736; 1.92905988754771
2892.218; 1.9276265439415927
2892.7; 1.9261002481619065
2893.182; 1.9230144479078461
2893.665; 1.9253600211125503
2894.146; 1.9187999212516857
2894.629; 1.921641145126519
2895.111; 1.9194467427177266
2895.593; 1.919026544838272
2896.075; 1.9187010116669
2896.557; 1.9183921608851184
2897.039; 1.9179743604477095
2897.521; 1.9174014977017586
2898.003; 1.9150893010086074
2898.486; 1.9163157838304765
2898.968; 1.9134659003703671
2899.45; 1.911924232316015
2899.932; 1.9103039117720932
2900.414; 1.908810601519615
2900.896; 1.9075753914369808
2901.378; 1.9067299465490652
2901.86; 1.9047487016592108
2902.343; 1.9068413344569113
2902.825; 1.905197322538166
2903.307; 1.9049402243076727
2903.789; 1.9043969058197576
2904.271; 1.9035265364389495
2904.753; 1.9022990140272853
2905.235; 1.9007525431747925
2905.717; 1.8990330421083677
2906.199; 1.8957146495596584
2906.682; 1.8962107441617921
2907.164; 1.8928898409947421
2907.646; 1.8911194287357471
2908.128; 1.8894073043453137
2908.61; 1.8878488326650564
2909.092; 1.886484314541646
2909.574; 1.885400366529915
2910.056; 1.8830781183401055
2910.539; 1.8848121536741256
2911.021; 1.8828673601219101
2911.503; 1.882500617074013
2911.985; 1.8821292755430623
2912.467; 1.8817662891016773
2912.949; 1.8813817489308045
2913.431; 1.8810032924920703
2913.913; 1.8790215302468574
2914.396; 1.882323589014057
2914.877; 1.8763312718129344
2915.36; 1.8793930961922092
2915.842; 1.8769438105345002
2916.324; 1.8759083199049096
2916.806; 1.8747278845557995
2917.288; 1.8735001701267215
2917.77; 1.8722800476012014
2918.252; 1.8711738266230697
2918.734; 1.8686820673344784
2919.217; 1.8701563643308798
2919.699; 1.8678707448095775
2920.181; 1.8671373488215492
2920.663; 1.8663781423591863
2921.145; 1.865584325573552
2921.627; 1.8646709612492378
2922.109; 1.86355605851708
2922.591; 1.8622478991225058
2923.073; 1.8592111471520993
2923.556; 1.859869290573666
2924.038; 1.8566063195228417
2924.52; 1.854939642860988
2925.002; 1.8534861263359295
2925.484; 1.8524070937246488
2925.966; 1.8517267268961306
2926.448; 1.8514402117993565
2926.93; 1.8498886867298248
2927.413; 1.852275856203471
2927.895; 1.85074697930699
2928.377; 1.8505791075097477
2928.859; 1.8502207909299848
2929.341; 1.8497461517890195
2929.823; 1.8491758266226017
2930.305; 1.8485640297302341
2930.787; 1.8463372771738418
2931.27; 1.8478186868771398
2931.752; 1.845213523481796
2932.234; 1.8438970693241914
2932.716; 1.8423853749643748
2933.198; 1.8408305148355313
2933.68; 1.839331488630981
2934.162; 1.8379653937179588
2934.644; 1.8368251811455483
2935.126; 1.8343413847057972
2935.609; 1.8358262554967957
2936.091; 1.8333863977513576
2936.573; 1.8323062608687644
2937.055; 1.8309694215420418
2937.537; 1.8294145979830634
2938.019; 1.827678758832354
2938.501; 1.8259001076407566
2938.983; 1.8226322150951475
2939.466; 1.8233817702748047
2939.948; 1.8204203007979136
2940.43; 1.819188902288413
2940.912; 1.818127216992058
2941.394; 1.8172379980630622
2941.876; 1.8164355329768216
2942.358; 1.8156810704704205
2942.84; 1.8133424467633041
2943.323; 1.8147734885143056
2943.805; 1.8121632831252867
2944.287; 1.8109485148613964
2944.769; 1.809638295140375
2945.251; 1.8083507079575485
2945.733; 1.8071265089839055
2946.215; 1.8059882697613507
2946.697; 1.805008925313098
2947.179; 1.8026482078735073
2947.662; 1.8043159285519401
2948.144; 1.8022090395325359
2948.626; 1.8017257074716326
2949.108; 1.801294418075455
2949.59; 1.8009266455686612
2950.072; 1.800552769850435
2950.554; 1.800143981641265
2951.036; 1.7980218301525697
2951.519; 1.80118299344469
2952.0; 1.7948687114693134
2952.483; 1.79781614613408
2952.965; 1.7953372139542023
2953.447; 1.7945506367890665
2953.929; 1.7938975843890144
2954.411; 1.793426724199061
2954.893; 1.793073384215888
2955.375; 1.7927803599024643
2955.857; 1.790853863240594
2956.34; 1.7925957672931585
2956.822; 1.79009747313671
2957.304; 1.788786505912828
2957.786; 1.787182889671217
2958.268; 1.785462606036579
2958.75; 1.783741687721267
2959.232; 1.7821493310246133
2959.714; 1.7791310859149374
2960.197; 1.7800872553918947
2960.679; 1.7770963277277723
2961.161; 1.7755802773779092
2961.643; 1.7740212010468808
2962.125; 1.7725821672006177
2962.607; 1.7713865730773266
2963.089; 1.7705263786549592
2963.571; 1.7700733895220808
2964.053; 1.7683729612911563
2964.536; 1.7706748984998653
2965.018; 1.7688990404278404
2965.5; 1.7683039249892571
2965.982; 1.7672615600425028
2966.464; 1.7658966418313715
2966.946; 1.7643863309923273
2967.428; 1.7630083067802143
2967.91; 1.7603827264459109
2968.393; 1.7620433805692937
2968.875; 1.760092660434816
2969.357; 1.759864584710979
2969.839; 1.7596494147471151
2970.321; 1.7593745099703524
2970.803; 1.7589566655612243
2971.285; 1.7584152904680552
2971.767; 1.7561250429388582
2972.25; 1.7591867413178748
2972.731; 1.7526848441894058
2973.214; 1.755453459760994
2973.696; 1.7525668498834732
2974.178; 1.7511409211393945
2974.66; 1.7496063331710148
2975.142; 1.7481075942261077
2975.624; 1.7467468775895032
2976.106; 1.7456605111259198
2976.588; 1.7433067332495393
2977.071; 1.7451222470731862
2977.553; 1.7431328598100113
2978.035; 1.742720301291603
2978.517; 1.7422429327098148
2978.999; 1.7417081823615996
2979.481; 1.741078905849634
2979.963; 1.7403275825944902
2980.445; 1.7394917416545839
2980.927; 1.7369771767967652
2981.41; 1.7382550854694931
2981.892; 1.7354158129899924
2982.374; 1.7339913894951016
2982.856; 1.7324906878751087
2983.338; 1.731063792271877
2983.82; 1.7297806883696156
2984.302; 1.728722433705907
2984.784; 1.7262855517339368
2985.267; 1.7278983296603956
2985.749; 1.7255704148831725
2986.231; 1.7247661286256446
2986.713; 1.7239319838352754
2987.195; 1.7231769698112296
2987.677; 1.7225457068307368
2988.159; 1.7220962624902025
2988.641; 1.7201883099333202
2989.124; 1.7221994395959488
2989.606; 1.7200603143183697
2990.088; 1.7191720588586819
2990.57; 1.7179418911751188
2991.052; 1.7164943357961755
2991.534; 1.714949504020846
2992.016; 1.713443995317395
2992.498; 1.7121481871723279
2992.98; 1.70952920657496
2993.463; 1.7110731515171569
2993.945; 1.7087482062709605
2994.427; 1.7079814018042205
2994.909; 1.7071344798422763
2995.391; 1.706246286211029
2995.873; 1.7053271783056405
2996.355; 1.7044527938048148
2996.837; 1.7020431539922751
2997.32; 1.7035954148069659
2997.802; 1.7011092372857037
2998.284; 1.7000835525246945
2998.766; 1.6989530800955084
2999.248; 1.69783197741585
2999.73; 1.6967978582139156
3000.212; 1.6959763231327591
3000.694; 1.693806951493452
3001.177; 1.6957724005231531
3001.659; 1.693799695156585
3002.141; 1.6932875736320925
3002.623; 1.6925425830816256
3003.105; 1.6915597678223135
3003.587; 1.690334707218418
3004.069; 1.6889256006440045
3004.551; 1.6874933463575976
3005.033; 1.684549634678845
3005.516; 1.6856960169072428
3005.998; 1.682940526542303
3006.48; 1.6817875485680038
3006.962; 1.6805980208631262
3007.444; 1.6793943012358747
3007.926; 1.6781753805159947
3008.408; 1.677035062573549
3008.89; 1.6743950277516917
3009.373; 1.6775257034286524
3009.854; 1.6713543946546092
3010.337; 1.6749912667527425
3010.819; 1.6732634465061
3011.301; 1.6732657968180245
3011.783; 1.6732326148859524
3012.265; 1.6731037720498663
3012.747; 1.6727912149480129
3013.229; 1.672299199382089
3013.711; 1.6700143306259196
3014.194; 1.671494654837646
3014.676; 1.668762924702437
3015.158; 1.6674379940851898
3015.64; 1.6660253648146377
3016.122; 1.664692212681631
3016.604; 1.6635334936361965
3017.086; 1.6626621419750132
3017.568; 1.6604790089423467
3018.051; 1.6624756284668565
3018.533; 1.6605148270638024
3019.015; 1.6600357480353893
3019.497; 1.65935081720685
3019.979; 1.6584692653070623
3020.461; 1.657384054927793
3020.943; 1.65612687776785
3021.425; 1.6548133941638103
3021.907; 1.6518974866493654
3022.39; 1.6529954205710315
3022.872; 1.6500826627884648
3023.354; 1.6487748564019296
3023.836; 1.6475316100983912
3024.318; 1.6464857261486365
3024.8; 1.6457010578636317
3025.282; 1.6452555020307917
3025.764; 1.6434947824114394
3026.247; 1.64586027247748
3026.729; 1.644104961060092
3027.211; 1.6436102137316109
3027.693; 1.642636681310057
3028.175; 1.6412015294914255
3028.657; 1.6393752122696696
3029.139; 1.6373742143515617
3029.621; 1.633738290485796
3030.104; 1.6359348842734383
3030.585; 1.628797897266874
3031.068; 1.6316723337419774
3031.55; 1.629205788641866
3032.032; 1.6285438504864116
3032.514; 1.6278796280976588
3032.996; 1.627154085172997
3033.478; 1.6263089537949824
3033.96; 1.6254039285084725
3034.442; 1.622878500237971
3034.925; 1.6243955221172728
3035.407; 1.6219409521327424
3035.889; 1.6211677391151653
3036.371; 1.6205054044788318
3036.853; 1.620015786780961
3037.335; 1.619661631750104
3037.817; 1.6193785757710737
3038.299; 1.6191527992036008
3038.781; 1.617304986071278
3039.264; 1.6193743024805833
3039.746; 1.6172381729696024
3040.228; 1.6164940831106205
3040.71; 1.6155628124043555
3041.192; 1.6145408618320347
3041.674; 1.6134571748156308
3042.156; 1.6123803896286284
3042.638; 1.609691242592917
3043.121; 1.6109978873394595
3043.603; 1.6081989309494136
3044.085; 1.6069601533887867
3044.567; 1.6057535947363568
3045.049; 1.6047319276213583
3045.531; 1.6039630397600935
3046.013; 1.6035174306309063
3046.495; 1.6017262827900467
3046.978; 1.6040949444807908
3047.46; 1.6023758219278723
3047.942; 1.6020788846223402
3048.424; 1.6015408905881934
3048.906; 1.60082848034732
3049.388; 1.5999841035589455
3049.87; 1.5990605521390089
3050.352; 1.5981539319154596
3050.834; 1.595636542416082
3051.317; 1.5970967415703876
3051.799; 1.5943039830810712
3052.281; 1.592838406903043
3052.763; 1.5910676975558322
3053.245; 1.5891009742021214
3053.727; 1.5870400635715953
3054.209; 1.5850688070947485
3054.691; 1.5816729327873045
3055.174; 1.5825790345468467
3055.656; 1.5796274706745228
3056.138; 1.5784509958563138
3056.62; 1.5773784228393986
3057.102; 1.5764213306456116
3057.584; 1.5755433843253415
3058.066; 1.5747808676981516
3058.548; 1.5724937571333921
3059.031; 1.5743142908062193
3059.513; 1.5720431198849845
3059.995; 1.5712969446878093
3060.477; 1.570417275651818
3060.959; 1.569435819046463
3061.441; 1.5683365805148366
3061.923; 1.5671299290390133
3062.405; 1.5659194244913555
3062.887; 1.563141433955411
3063.37; 1.5645199574177788
3063.852; 1.561927564195337
3064.334; 1.5610605501278805
3064.816; 1.560309910421922
3065.298; 1.5597290512330542
3065.78; 1.5592875354647253
3066.262; 1.5589849937051286
3066.744; 1.5570603894704869
3067.227; 1.5607788716883675
3067.708; 1.5545781340384377
3068.191; 1.5579195977044784
3068.673; 1.5552814312377117
3069.155; 1.5540248929734641
3069.637; 1.5525299553014573
3070.119; 1.5509795355641383
3070.601; 1.5495378211860005
3071.083; 1.5484205301110703
3071.565; 1.5461008709068838
3072.048; 1.5482597944440308
3072.53; 1.5466252727360748
3073.012; 1.5467195451757616
3073.494; 1.5467441076700932
3073.976; 1.54660321584623
3074.458; 1.5461886257438593
3074.94; 1.5455109775422962
3075.422; 1.542941937028297
3075.905; 1.5442103370272413
3076.387; 1.5411622107196292
3076.869; 1.539559760185378
3077.351; 1.5378553946584514
3077.833; 1.536197563499469
3078.315; 1.534667036217292
3078.797; 1.533334289423748
3079.279; 1.532309944698711
3079.761; 1.5299650173836707
3080.244; 1.531938125642442
3080.726; 1.5298958974616221
3081.208; 1.5293994734045324
3081.69; 1.5286955413358512
3082.172; 1.527768764334385
3082.654; 1.5266076567613875
3083.136; 1.5253243036252173
3083.618; 1.5223769806157796
3084.101; 1.5235794210985087
3084.583; 1.5207809286077654
3085.065; 1.5197427838201212
3085.547; 1.518842091109996
3086.029; 1.5181143498643608
3086.511; 1.5175060187522285
3086.993; 1.5170040428594576
3087.475; 1.5148422852348378
3087.958; 1.5183790241761168
3088.439; 1.5119852376528167
3088.922; 1.5153353370333222
3089.404; 1.5128313529663813
3089.886; 1.511901410392133
3090.368; 1.5108765252035186
3090.85; 1.50985970391739
3091.332; 1.5089067646393257
3091.814; 1.5081236397255102
3092.296; 1.5058845189650418
3092.779; 1.5078778959924164
3093.261; 1.505769956042434
3093.743; 1.5051797968971439
3094.225; 1.5043680165111677
3094.707; 1.5033196696626772
3095.189; 1.5019996889354883
3095.671; 1.5004334201713774
3096.153; 1.4987704916784996
3096.635; 1.4954877689566695
3097.118; 1.496446294945159
3097.6; 1.4934470389197767
3098.082; 1.4922645648754813
3098.564; 1.4912309090868514
3099.046; 1.4903371937250154
3099.528; 1.489490218987998
3100.01; 1.4886637479653066
3100.492; 1.48615724618956
3100.975; 1.4877018155912243
3101.457; 1.4850472123088068
3101.939; 1.4839985659236308
3102.421; 1.4829764331746573
3102.903; 1.4820785666697405
3103.385; 1.4812982927698715
3103.867; 1.480652693434876
3104.349; 1.4784402481669798
3104.832; 1.480364431982467
3105.314; 1.4781442935412263
3105.796; 1.477575706603269
3106.278; 1.477093498475212
3106.76; 1.4768170845875042
3107.242; 1.4767351636575539
3107.724; 1.4767541528745194
3108.206; 1.4767764727665642
3108.688; 1.474958958980876
3109.171; 1.476880631424747
3109.653; 1.474120929418669
3110.135; 1.472426895795212
3110.617; 1.4702436154511913
3111.099; 1.4677971860295744
3111.581; 1.4652720815905749
3112.063; 1.4628855315718612
3112.545; 1.459078902765648
3113.028; 1.4596695867842029
3113.51; 1.4563130195458394
3113.992; 1.4547746519525324
3114.474; 1.4533916984127655
3114.956; 1.4522293638297377
3115.438; 1.4512906144216002
3115.92; 1.4506230481259248
3116.402; 1.448535600332303
3116.885; 1.4507265041600772
3117.367; 1.4488014801250528
3117.849; 1.4484553589411304
3118.331; 1.4479873969712707
3118.813; 1.4474254765623797
3119.295; 1.446741757158881
3119.777; 1.4459183689895228
3120.259; 1.445017327634071
3120.741; 1.4424028187581213
3121.224; 1.443881543078537
3121.706; 1.441188444722173
3122.188; 1.4401737841695308
3122.67; 1.439269165005809
3123.152; 1.4385951787630027
3123.634; 1.438160835272834
3124.116; 1.4379759036896684
3124.598; 1.4362887235533912
3125.081; 1.4387455450853655
3125.563; 1.4369285322457181
3126.045; 1.436561878947206
3126.527; 1.4360189291989098
3127.009; 1.4354285809818093
3127.491; 1.4348604732217622
3127.973; 1.4344011618610746
3128.455; 1.432301859022353
3128.938; 1.4359834524454265
3129.419; 1.4295493546374851
3129.902; 1.4328456451623517
3130.384; 1.4300372901231833
3130.866; 1.4286646809855217
3131.348; 1.4271079880686197
3131.83; 1.4255694183677905
3132.312; 1.4241950420589546
3132.794; 1.4231444702348723
3133.276; 1.4207753601060205
3133.759; 1.4228165419537921
3134.241; 1.4207775631282256
3134.723; 1.4203099786950528
3135.205; 1.419634074995959
3135.687; 1.4187391834503376
3136.169; 1.41760259012127
3136.651; 1.4162525111501503
3137.133; 1.4148205847337296
3137.615; 1.4117235490448024
3138.098; 1.4128493488936555
3138.58; 1.4098634250016127
3139.062; 1.408612976024055
3139.544; 1.407443307755399
3140.026; 1.406399590975358
3140.508; 1.4054349317155732
3140.99; 1.4045380368597615
3141.472; 1.4019570837187147
3141.955; 1.4034355678526416
3142.437; 1.400544596492056
3142.919; 1.3991291206217973
3143.401; 1.3976128387864184
3143.883; 1.3961846608737105
3144.365; 1.394967813556531
3144.847; 1.3940986119217356
3145.329; 1.391863417545192
3145.812; 1.395758778373395
3146.293; 1.38982780090115
3146.776; 1.394005306476055
3147.258; 1.3923372288614548
3147.74; 1.392305260623766
3148.222; 1.3921483406902682
3148.704; 1.391901977538897
3149.186; 1.3915367088793618
3149.668; 1.3910599482292882
3150.15; 1.388724215081522
3150.633; 1.3902834010958722
3151.115; 1.387289743892851
3151.597; 1.3856138286392121
3152.079; 1.3837134735927779
3152.561; 1.3818353400141206
3153.043; 1.3801645807153369
3153.525; 1.378885926886979
3154.007; 1.3763437493178712
3154.49; 1.3782806274536097
3154.972; 1.3761007670332535
3155.454; 1.3754606428536422
3155.936; 1.3745606791364993
3156.418; 1.373426475313396
3156.9; 1.3721094243462362
3157.382; 1.370725562187852
3157.864; 1.3694725451092176
3158.346; 1.3667706008386689
3158.829; 1.3684844905093958
3159.311; 1.3661297598296152
3159.793; 1.3654664581171168
3160.275; 1.3647465363317486
3160.757; 1.36399874141158
3161.239; 1.363236286112429
3161.721; 1.36256136413696
3162.203; 1.36033199717795
3162.686; 1.3623907992456181
3163.168; 1.3602477310506929
3163.65; 1.3596697966268254
3164.132; 1.3589062893372317
3164.614; 1.3579784326903135
3165.096; 1.3568952376850172
3165.578; 1.355723129019149
3166.06; 1.354630521842656
3166.542; 1.3520352369556745
3167.025; 1.3538421284492768
3167.507; 1.351565521999688
3167.989; 1.3509762256980893
3168.471; 1.3502785038345038
3168.953; 1.3494301939189595
3169.435; 1.3483750689402898
3169.917; 1.3471844625317257
3170.399; 1.344240805769322
3170.882; 1.3455141267914739
3171.364; 1.3426098028340845
3171.846; 1.3414460841879743
3172.328; 1.3403202053252457
3172.81; 1.339212237490704
3173.292; 1.3379996654252004
3173.774; 1.3366231914359088
3174.256; 1.3333219175938562
3174.739; 1.3339985542162043
3175.221; 1.3302734444740856
3175.703; 1.3282384310271294
3176.185; 1.326443606950418
3176.667; 1.3251478546293964
3177.149; 1.3244324994911205
3177.631; 1.3242362963741745
3178.113; 1.324432822681712
3178.595; 1.3230650926432443
3179.078; 1.325720866093989
3179.56; 1.3237112469399626
3180.042; 1.3228385764327388
3180.524; 1.3215105933760802
3181.006; 1.3200021992383026
3181.488; 1.3185689180912985
3181.97; 1.3174794471954798
3182.452; 1.3151354547055794
3182.935; 1.3173616570519255
3183.417; 1.3154980205700275
3183.899; 1.3152102145952194
3184.381; 1.3146275386771014
3184.863; 1.3137092108853008
3185.345; 1.3124518233116216
3185.827; 1.310990691135397
3186.309; 1.3076913652793853
3186.792; 1.310330560373589
3187.273; 1.3028966596076708
3187.756; 1.3057705826067103
3188.238; 1.3028712747793492
3188.72; 1.3018639231680318
3189.202; 1.301014862597591
3189.684; 1.3004163927747379
3190.166; 1.3001016261587202
3190.648; 1.3001330808486222
3191.13; 1.2987656014734532
3191.613; 1.301756680644639
3192.095; 1.300439868664178
3192.577; 1.3005224404519087
3193.059; 1.3001836528101096
3193.541; 1.299421240254417
3194.023; 1.2982482816898009
3194.505; 1.2967558822140253
3194.987; 1.2951565645184715
3195.469; 1.2919175630728141
3195.952; 1.2930828332248891
3196.434; 1.2901940470393423
3196.916; 1.2891732255471597
3197.398; 1.2882777030534562
3197.88; 1.287478498386877
3198.362; 1.286664405282279
3198.844; 1.2857951563542576
3199.326; 1.2831061052883834
3199.809; 1.2845038647568254
3200.291; 1.2814938322142053
3200.773; 1.2800988876171857
3201.255; 1.278750436896921
3201.737; 1.2776205284731943
3202.219; 1.276759897575264
3202.701; 1.27619708710522
3203.183; 1.274068525117155
3203.666; 1.2779186305789918
3204.147; 1.2714209272856378
3204.63; 1.2748862814534005
3205.112; 1.2720687270092383
3205.594; 1.2706594785797942
3206.076; 1.2689524602180917
3206.558; 1.267108790039929
3207.04; 1.2652554411138541
3207.522; 1.2635773282983473
3208.004; 1.2604640876347384
3208.487; 1.2618940352584613
3208.969; 1.2592919476064859
3209.451; 1.2585453846681331
3209.933; 1.257880499531665
3210.415; 1.257277757114567
3210.897; 1.2566603348842567
3211.379; 1.2560314559277115
3211.861; 1.253654043640705
3212.344; 1.2554494810683237
3212.826; 1.2528590212563138
3213.308; 1.2518410362975851
3213.79; 1.2507288571315969
3214.272; 1.249618583644161
3214.754; 1.2485305336144665
3215.236; 1.2474772732636903
3215.718; 1.2465303654806275
3216.2; 1.2439774222457538
3216.683; 1.2457219118522749
3217.165; 1.24312682204341
3217.647; 1.2420639822897592
3218.129; 1.2407820161984568
3218.611; 1.2393383352274185
3219.093; 1.237785462386892
3219.575; 1.23629327917779
3220.057; 1.2332948234810905
3220.54; 1.2348555408106043
3221.022; 1.2324745652636104
3221.504; 1.232096198041366
3221.986; 1.23195043735176
3222.468; 1.2319823979920508
3222.95; 1.2320536984595387
3223.432; 1.2320495778857607
3223.914; 1.2319686910043421
3224.396; 1.230083125824421
3224.879; 1.2323180366126696
3225.361; 1.230079591749163
3225.843; 1.2292719851196219
3226.325; 1.228164203923845
3226.807; 1.226820044994212
3227.289; 1.2252962711755526
3227.771; 1.2237753217969634
3228.253; 1.2207118391116671
3228.736; 1.2222130170358119
3229.218; 1.2197921697318808
3229.7; 1.2194164042008089
3230.182; 1.2193045048248106
3230.664; 1.2193741463159966
3231.146; 1.2194533819159088
3231.628; 1.2194523973722213
3232.11; 1.2175632090608286
3232.593; 1.2196973213679159
3233.075; 1.2172657126193853
3233.557; 1.2162545577052026
3234.039; 1.2149977734577946
3234.521; 1.2135927726717288
3235.003; 1.212066208509094
3235.485; 1.2104597192147124
3235.967; 1.2089115645752153
3236.449; 1.2058065197583845
3236.932; 1.2072107862144663
3237.414; 1.2045819317472757
3237.896; 1.2039298749059266
3238.378; 1.203543095424148
3238.86; 1.203444810072677
3239.342; 1.203560749163599
3239.824; 1.2038505681574798
3240.306; 1.202476186278023
3240.789; 1.2052601829961438
3241.271; 1.2034412113887814
3241.753; 1.202871660910445
3242.235; 1.20178878728081
3242.717; 1.2002839037671005
3243.199; 1.1984643777579802
3243.681; 1.1965487181412349
3244.163; 1.1929199401852926
3244.646; 1.1954951061396968
3245.127; 1.187945250820897
3245.61; 1.1909276638031188
3246.092; 1.1879837414483354
3246.574; 1.1868279875879628
3247.056; 1.1856583453398712
3247.538; 1.184595147638968
3248.02; 1.1837557999520234
3248.502; 1.1833120241879331
3248.984; 1.1815729661823022
3249.467; 1.1844306561916527
3249.949; 1.1830167865798193
3250.431; 1.183053599195429
3250.913; 1.1825899020386588
3251.395; 1.1815648495899946
3251.877; 1.1799951343623598
3252.359; 1.1780303583231997
3252.841; 1.1759609501472803
3253.323; 1.1722715918343984
3253.806; 1.1731128864296532
3254.288; 1.169810027563623
3254.77; 1.1683270198541589
3255.252; 1.1668516983928958
3255.734; 1.165384364225568
3256.216; 1.163907225064008
3256.698; 1.162505565219021
3257.18; 1.159487990903559
3257.663; 1.1608996807262637
3258.145; 1.158051776796309
3258.627; 1.1569663803812198
3259.109; 1.1559333851427263
3259.591; 1.1550581026098223
3260.073; 1.1543963363212253
3260.555; 1.154047620280421
3261.037; 1.1522181931055826
3261.52; 1.1566404369140595
3262.001; 1.1507531385677376
3262.484; 1.1551113380761129
3262.966; 1.1531130685801574
3263.448; 1.1524386435192042
3263.93; 1.1512612255960462
3264.412; 1.14969921907915
3264.894; 1.147886728367517
3265.376; 1.1460490311929614
3265.858; 1.1425963730820912
3266.341; 1.1436544569676221
3266.823; 1.1405532021338476
3267.305; 1.1393406025457158
3267.787; 1.138295707378082
3268.269; 1.1374963406591374
3268.751; 1.1369534799495449
3269.233; 1.136718418838318
3269.715; 1.135008028801679
3270.198; 1.1377369459939513
3270.68; 1.1360592648874088
3271.162; 1.1358467536059347
3271.644; 1.1352580796403051
3272.126; 1.1343109062275634
3272.608; 1.1330414792879775
3273.09; 1.1315742020069621
3273.572; 1.1301647053787882
3274.054; 1.1272816978438798
3274.537; 1.1291118009732788
3275.019; 1.1269827519434643
3275.501; 1.1268645832023303
3275.983; 1.126853450716458
3276.465; 1.1267793605433991
3276.947; 1.1264107276916615
3277.429; 1.1256501560563594
3277.911; 1.1227220293406044
3278.394; 1.1237856079870183
3278.876; 1.1203117272282455
3279.358; 1.1186194155365028
3279.84; 1.1171902237676299
3280.322; 1.1161778503309066
3280.804; 1.1154956935713476
3281.286; 1.114908738508149
3281.768; 1.1141787865251278
3282.25; 1.1112902282108568
3282.733; 1.1121682451671733
3283.215; 1.1080919489048946
3283.697; 1.1053804942007295
3284.179; 1.102678903031304
3284.661; 1.100460750544816
3285.143; 1.0990303099212169
3285.625; 1.098556960670236
3286.107; 1.0971829987204191
3286.59; 1.100649893939448
3287.072; 1.099815484009784
3287.554; 1.1003610156637764
3288.036; 1.1003127163039206
3288.518; 1.099679611289685
3289.0; 1.0985844430200051
3289.482; 1.097329329868609
3289.964; 1.0944339729310735
3290.447; 1.0961613128598453
3290.929; 1.0938221743138135
3291.411; 1.093438432021801
3291.893; 1.0931381506425049
3292.375; 1.0928230611126155
3292.857; 1.0923470489009994
3293.339; 1.0916227714447573
3293.821; 1.090698824606375
3294.303; 1.0878567771406589
3294.786; 1.0892231531492969
3295.268; 1.086036099670772
3295.75; 1.084403065025035
3296.232; 1.082603023979258
3296.714; 1.0807437194309724
3297.196; 1.0788921873955848
3297.678; 1.0771941164051746
3298.16; 1.0739765420105463
3298.643; 1.075381075661928
3299.125; 1.0726222714435774
3299.607; 1.071783940748777
3300.089; 1.0711013568283732
3300.571; 1.0706266685128276
3301.053; 1.0703528677991656
3301.535; 1.0703254243506661
3302.017; 1.0686991786027331
3302.5; 1.0733034327192117
3302.981; 1.067425221240354
3303.464; 1.0719400620844852
3303.946; 1.0701456762015633
3304.428; 1.069908678313508
3304.91; 1.0694513063583164
3305.392; 1.0689144273976612
3305.874; 1.0683861201004399
3306.356; 1.0679725123479165
3306.838; 1.065883830281971
3307.321; 1.0681155758822476
3307.803; 1.0657051067558394
3308.285; 1.0646552835510092
3308.767; 1.0631988573833129
3309.249; 1.0614807458198094
3309.731; 1.0596376287830023
3310.213; 1.0578126244416926
3310.695; 1.0561731488533632
3311.177; 1.0529878932112435
3311.66; 1.0543592997223536
3312.142; 1.051378663145797
3312.624; 1.050165823876993
3313.106; 1.048998401230385
3313.588; 1.048005380253664
3314.07; 1.0472239859050905
3314.552; 1.0466796462273051
3315.034; 1.0444824689851708
3315.517; 1.0465920016793167
3315.999; 1.0439840493837536
3316.481; 1.0427477821428586
3316.963; 1.0412146238043634
3317.445; 1.0396536213421215
3317.927; 1.0382939516451462
3318.409; 1.0373485875423931
3318.891; 1.035000294927719
3319.374; 1.039110676815216
3319.855; 1.0326768146912466
3320.338; 1.0367356606830682
3320.82; 1.0343911517206594
3321.302; 1.0336561314986794
3321.784; 1.0327960856947271
3322.266; 1.031960250277079
3322.748; 1.0311525063375235
3323.23; 1.0303228321123516
3323.712; 1.0274992279728514
3324.195; 1.028675989301229
3324.677; 1.0248546579730584
3325.159; 1.0223330288497317
3325.641; 1.0196276551468475
3326.123; 1.017172241218579
3326.605; 1.0152797267793203
3327.087; 1.0141610588807233
3327.569; 1.011979041098594
3328.052; 1.0146832325780528
3328.534; 1.0130362798629673
3329.016; 1.0129530662119355
3329.498; 1.012500329120967
3329.98; 1.0116993105999803
3330.462; 1.010576075721901
3330.944; 1.0091776641141252
3331.426; 1.0076026745819529
3331.908; 1.004069470121498
3332.391; 1.0047872149831965
3332.873; 1.000803779140235
3333.355; 0.998420977418712
3333.837; 0.9960025034438674
3334.319; 0.9937842434518092
3334.801; 0.9919070398358509
3335.283; 0.9905052455792628
3335.765; 0.9877764142656037
3336.248; 0.9898373334449282
3336.73; 0.9875713427912072
3337.212; 0.9870428323595825
3337.694; 0.9863385569076935
3338.176; 0.9854234651815733
3338.658; 0.9842321032968654
3339.14; 0.9827565980422794
3339.622; 0.981131434072312
3340.104; 0.9777028816811648
3340.587; 0.978864492733598
3341.069; 0.975775421800125
3341.551; 0.9747490036542392
3342.033; 0.9739819133607268
3342.515; 0.9734153370276728
3342.997; 0.9728550930184952
3343.479; 0.9721695238608659
3343.961; 0.9694369238487283
3344.444; 0.9708632925114749
3344.926; 0.9675059914794598
3345.408; 0.9657051943444697
3345.89; 0.9637511644420276
3346.372; 0.9617168112235972
3346.854; 0.9595456619299376
3347.336; 0.9572479023116935
3347.818; 0.9530634499064754
3348.301; 0.9534212151848491
3348.783; 0.9496292268850958
3349.265; 0.9483197951194761
3349.747; 0.9480019221247299
3350.229; 0.9488199503080129
3350.711; 0.9505538800423494
3351.193; 0.9527241066912249
3351.675; 0.9547830919363277
3352.157; 0.9543536183921533
3352.64; 0.9572596974868727
3353.122; 0.9543686753165042
3353.604; 0.9520911138103768
3354.086; 0.9490532548258656
3354.568; 0.9458369102571589
3355.05; 0.9429141116778819
3355.532; 0.9406695950857235
3356.014; 0.9374226821853485
3356.497; 0.9393636408523607
3356.979; 0.9372256968731661
3357.461; 0.9369818879568783
3357.943; 0.936531367427785
3358.425; 0.9356769692067364
3358.907; 0.9342389009303266
3359.389; 0.932214115710148
3359.871; 0.9277930728516033
3360.354; 0.9293377181948101
3360.835; 0.9198861372805919
3361.318; 0.9213984740476016
3361.8; 0.9168225707563429
3362.282; 0.9143919849852867
3362.764; 0.9121956581710146
3363.246; 0.9102341582839765
3363.728; 0.9084840239913818
3364.21; 0.9070567964843871
3364.692; 0.90424852091382
3365.175; 0.9064253986639721
3365.657; 0.904535828660657
3366.139; 0.9047496320836197
3366.621; 0.9050386708037867
3367.103; 0.9051699328378022
3367.585; 0.9048555357734239
3368.067; 0.9039207612222774
3368.549; 0.9024364871080938
3369.031; 0.8987699004835592
3369.514; 0.8994858842928107
3369.996; 0.8957791569894947
3370.478; 0.8941387927083235
3370.96; 0.8928293107777406
3371.442; 0.891858749438432
3371.924; 0.8910854665659632
3372.406; 0.8904147071867259
3372.888; 0.8879187251142384
3373.371; 0.8898321538730266
3373.853; 0.8870882530975319
3374.335; 0.8860423247106102
3374.817; 0.884969328083243
3375.299; 0.8839880712409852
3375.781; 0.8830988854797714
3376.263; 0.8823064131484065
3376.745; 0.879638462454704
3377.228; 0.883174863278959
3377.709; 0.8756028333090522
3378.192; 0.8786241168340346
3378.674; 0.8750056062276558
3379.156; 0.8729812058089333
3379.638; 0.8707471651519977
3380.12; 0.868455722840547
3380.602; 0.8661931474482767
3381.084; 0.864089297906781
3381.566; 0.8603650614331688
3382.049; 0.8613512084438937
3382.531; 0.8579405435548492
3383.013; 0.8564900488574791
3383.495; 0.855253716813185
3383.977; 0.8543701101903706
3384.459; 0.8538810541306479
3384.941; 0.8538302323428762
3385.423; 0.8523086106282171
3385.906; 0.8554449498045704
3386.388; 0.8539449373328785
3386.87; 0.853942585102961
3387.352; 0.8535431445938899
3387.834; 0.8528143000717179
3388.316; 0.8518248406564166
3388.798; 0.8506784660812083
3389.28; 0.8495362525827079
3389.762; 0.8466139494019745
3390.245; 0.8481911513691927
3390.727; 0.8450014095088931
3391.209; 0.8432307649161586
3391.691; 0.8409534989187525
3392.173; 0.8382114260935932
3392.655; 0.8350908331227547
3393.137; 0.8318514397618723
3393.619; 0.8269304647342887
3394.102; 0.826951268070852
3394.584; 0.8229496261535907
3395.066; 0.8213836863845136
3395.548; 0.8204001691397609
3396.03; 0.819911951112792
3396.512; 0.8196793592250048
3396.994; 0.8194541180780774
3397.476; 0.8191222561556976
3397.958; 0.8167884009271104
3398.441; 0.8188163211524405
3398.923; 0.8161534044344538
3399.405; 0.8152520875473437
3399.887; 0.81437122362679
3400.369; 0.8135768273481887
3400.851; 0.8127913195367292
3401.333; 0.8119624995564554
3401.815; 0.8091581712280675
3402.298; 0.8106763762719165
3402.78; 0.8073510709886668
3403.262; 0.8055983567376247
3403.744; 0.8036671837791451
3404.226; 0.8016621104424333
3404.708; 0.7995680415966142
3405.19; 0.7974013387309349
3405.672; 0.7932875493904937
3406.155; 0.7936109473129026
3406.637; 0.789246141856696
3407.119; 0.7867141133137197
3407.601; 0.7843416794754285
3408.083; 0.7823031578870607
3408.565; 0.7806108022295937
3409.047; 0.7791946173526175
3409.529; 0.7780187076849195
3410.011; 0.7751683943707679
3410.494; 0.7769640445995291
3410.976; 0.7742357499520242
3411.458; 0.7733923767762717
3411.94; 0.7726400330233694
3412.422; 0.7720131439785696
3412.904; 0.771401114248814
3413.386; 0.7707090883559341
3413.868; 0.7679565558151886
3414.351; 0.7694230576042151
3414.833; 0.7659510918823542
3415.315; 0.7640548067554844
3415.797; 0.7621356456453751
3416.279; 0.7604874253091976
3416.761; 0.7592620794098439
3417.243; 0.7585534984834307
3417.725; 0.7563796246610143
3418.208; 0.7608214698319203
3418.689; 0.7542811354905157
3419.172; 0.7584848049236989
3419.654; 0.7558658887925858
3420.136; 0.7545562465960277
3420.618; 0.7525989469692089
3421.1; 0.7500684702340538
3421.582; 0.7470515804246287
3422.064; 0.7437630891374307
3422.546; 0.7385538019423248
3423.029; 0.7380169222240971
3423.511; 0.7331216500231611
3423.993; 0.730444625884609
3424.475; 0.7283101318217926
3424.957; 0.7269043735063176
3425.439; 0.7262821948977451
3425.921; 0.7264245557395548
3426.403; 0.7272967735347748
3426.885; 0.7268831488423091
3427.368; 0.7312385012638811
3427.85; 0.7308817494112201
3428.332; 0.731857458059908
3428.814; 0.7321531739739936
3429.296; 0.7317804598042319
3429.778; 0.7308252128297854
3430.26; 0.7295357807740335
3430.742; 0.7262824670520176
3431.225; 0.727582957716592
3431.707; 0.7242654665277097
3432.189; 0.7226441834954436
3432.671; 0.7207775356965302
3433.153; 0.7186350096432861
3433.635; 0.7161901588603939
3434.117; 0.7135763028657516
3434.599; 0.7090433969456482
3435.082; 0.7110929634061183
3435.563; 0.7024171467214748
3436.046; 0.7051628309737668
3436.528; 0.7018475776631004
3437.01; 0.700678553497557
3437.492; 0.6996160342438205
3437.974; 0.6985984184176648
3438.456; 0.6975523169301572
3438.938; 0.6965334493255203
3439.42; 0.6937511942201522
3439.903; 0.6956513106491091
3440.385; 0.6930855807033385
3440.867; 0.69247389378506
3441.349; 0.6919798815162794
3441.831; 0.6916033233170122
3442.313; 0.6912201678638364
3442.795; 0.6907456817021711
3443.277; 0.6882190530020205
3443.76; 0.689974327321673
3444.242; 0.6868691936646982
3444.724; 0.6854934122451753
3445.206; 0.6842999763860824
3445.688; 0.6836127890671757
3446.17; 0.6835425664825965
3446.652; 0.6839900183766368
3447.134; 0.6847202083322081
3447.616; 0.6834632156543511
3448.099; 0.6861756731597057
3448.581; 0.6833253141779507
3449.063; 0.6812632318139491
3449.545; 0.6783854637507443
3450.027; 0.6751788911477712
3450.509; 0.6720977442261227
3450.991; 0.6695369498088541
3451.473; 0.6657491642795106
3451.956; 0.6670229234027492
3452.438; 0.6637872507134288
3452.92; 0.6621721839544463
3453.402; 0.6601542953426491
3453.884; 0.6578083695865217
3454.366; 0.6553213277514203
3454.848; 0.6530569250245886
3455.33; 0.6494747026050915
3455.813; 0.6512149577020694
3456.295; 0.6490735216074263
3456.777; 0.6493972668052508
3457.259; 0.650131795617986
3457.741; 0.6510318516256985
3458.223; 0.6517220083769868
3458.705; 0.6518308972720255
3459.187; 0.6511353700778391
3459.669; 0.6476318612676741
3460.152; 0.6478148278334412
3460.634; 0.6426025846248602
3461.116; 0.6388484145970529
3461.598; 0.6351545189995972
3462.08; 0.6319656633758619
3462.562; 0.6294644940845839
3463.044; 0.627658392760122
3463.526; 0.6244250497620667
3464.009; 0.6258635232898841
3464.491; 0.6223127940884974
3464.973; 0.6200756867795938
3465.455; 0.6173472441963586
3465.937; 0.614417355434826
3466.419; 0.6115696699360835
3466.901; 0.6090379342175409
3467.383; 0.6069936488567063
3467.865; 0.6035224078752581
3468.348; 0.6049026721796378
3468.83; 0.6015807815464447
3469.312; 0.5998557760214774
3469.794; 0.597828325347368
3470.276; 0.5956490419089334
3470.758; 0.5934934832192289
3471.24; 0.5916384364893916
3471.722; 0.5884160714349442
3472.205; 0.5903766412798623
3472.687; 0.588224964663475
3473.169; 0.5883171602018781
3473.651; 0.5886251078560139
3474.133; 0.5889617627514478
3474.615; 0.5890319771784818
3475.097; 0.5886198426134578
3475.579; 0.5856191440825618
3476.062; 0.5883825823863467
3476.543; 0.5794632169161231
3477.026; 0.5814540983635603
3477.508; 0.5771591786862411
3477.99; 0.5753522884882301
3478.472; 0.5743629646954822
3478.954; 0.5743037013847179
3479.436; 0.5750257513507053
3479.918; 0.5763038200603084
3480.4; 0.5759390458662486
3480.883; 0.5800250616587894
3481.365; 0.579006051961703
3481.847; 0.5791401634272414
3482.329; 0.5784940313187098
3482.811; 0.5771031127448336
3483.293; 0.5749785047896652
3483.775; 0.5722487930721929
3484.257; 0.5671739907333495
3484.74; 0.5664521875981008
3485.222; 0.5609513424348069
3485.704; 0.5574191870388014
3486.186; 0.5541634765479053
3486.668; 0.551285023671733
3487.15; 0.548652986337216
3487.632; 0.5460313664838428
3488.114; 0.5432526787610157
3488.596; 0.5383102326422723
3489.079; 0.5377363739232034
3489.561; 0.5323390791154854
3490.043; 0.5289400777637984
3490.525; 0.5259947879954812
3491.007; 0.5237911851458203
3491.489; 0.5223793218766244
3491.971; 0.5217051567119213
3492.453; 0.5196277049754865
3492.936; 0.5242976947131692
3493.417; 0.5179115309044667
3493.9; 0.522648891766151
3494.382; 0.5208761297410975
3494.864; 0.5209903810435336
3495.346; 0.5210784024437407
3495.828; 0.5211738090553235
3496.31; 0.5212206015781806
3496.792; 0.5212278308958797
3497.274; 0.5193068403096834
3497.757; 0.5219045487471268
3498.239; 0.5197108001881493
3498.721; 0.5191843207116562
3499.203; 0.5184454739355673
3499.685; 0.5174838483947422
3500.167; 0.516183800098422
3500.649; 0.5144991282630912
3501.131; 0.5104992114266457
3501.614; 0.5106961415554885
3502.096; 0.5058204081611555
3502.578; 0.5025463450441979
3503.06; 0.4992145375548318
3503.542; 0.4960704210740502
3504.024; 0.4932252671251214
3504.506; 0.4907314835828448
3504.988; 0.4886769070724343
3505.47; 0.4851979847580645
3505.953; 0.4867612058021412
3506.435; 0.48396088198115506
3506.917; 0.4832193381426908
3507.399; 0.48258228994152286
3507.881; 0.4820012207699478
3508.363; 0.48135777819257797
3508.845; 0.48062852699793657
3509.327; 0.4779108509013389
3509.81; 0.4796881699086859
3510.292; 0.47663725420424496
3510.774; 0.47526961207901697
3511.256; 0.4737331257408489
3511.738; 0.4720698415665987
3512.22; 0.4702469101402368
3512.702; 0.46834081783328974
3513.184; 0.46458456084130473
3513.667; 0.46564993785300934
3514.149; 0.4624322399209785
3514.631; 0.4616587070038878
3515.113; 0.46161011332662183
3515.595; 0.4623105177293949
3516.077; 0.46350057947678003
3516.559; 0.4647578674471785
3517.041; 0.4656697261157846
3517.523; 0.4639487129483636
3518.006; 0.4658130134650369
3518.488; 0.4618572873131821
3518.97; 0.45876648044584456
3519.452; 0.45506947802992126
3519.934; 0.4513119677451821
3520.416; 0.4479467160880284
3520.898; 0.44537675502347196
3521.38; 0.4418974330358355
3521.863; 0.4439699865375015
3522.345; 0.4420118438796604
3522.827; 0.44219935163695334
3523.309; 0.44230247078152307
3523.791; 0.4420472249766947
3524.273; 0.44118440449708696
3524.755; 0.4396266348283703
3525.237; 0.43754917471328525
3525.719; 0.43334925875607133
3526.202; 0.43387792680621196
3526.684; 0.43006247131558006
3527.166; 0.4286255503226556
3527.648; 0.42775809481522253
3528.13; 0.42743033427401544
3528.612; 0.42743645827830634
3529.094; 0.42760488460035273
3529.576; 0.42586629867898396
3530.059; 0.4285847486572921
3530.541; 0.4263268082718624
3531.023; 0.42560289587920475
3531.505; 0.4246009856091395
3531.987; 0.4234528692822237
3532.469; 0.42222813582631347
3532.951; 0.42107378283819874
3533.433; 0.4181537190066922
3533.916; 0.4220470834753024
3534.397; 0.4150117550245006
3534.88; 0.41951733088774246
3535.362; 0.4175650543200101
3535.844; 0.4172863727446674
3536.326; 0.41629291985970984
3536.808; 0.41420016716395214
3537.29; 0.4106908725809254
3537.772; 0.40576461531255237
3538.254; 0.39776712160434347
3538.737; 0.39383148634738674
3539.219; 0.38517365401622883
3539.701; 0.37916688731545956
3540.183; 0.37456543566833456
3540.665; 0.3718274428819962
3541.147; 0.37101965138542037
3541.629; 0.37197275404587404
3542.111; 0.37236196243691055
3542.594; 0.37810305889853957
3543.076; 0.37925032015628013
3543.558; 0.38185909122222195
3544.04; 0.3838227281274449
3544.522; 0.38516366717724315
3545.004; 0.38598281561407066
3545.486; 0.3864501388582209
3545.968; 0.38678444115368305
3546.45; 0.3851644437378521
3546.933; 0.3880356753827965
3547.415; 0.3858177742927815
3547.897; 0.3848688026654269
3548.379; 0.38324215329758327
3548.861; 0.3810631005577315
3549.343; 0.37851211185177147
3549.825; 0.37589946389494233
3550.307; 0.3715059604458748
3550.79; 0.3740175384394476
3551.271; 0.3655683559022066
3551.754; 0.3687774037456466
3552.236; 0.3656699374410909
3552.718; 0.36473349874079064
3553.2; 0.36401472070638574
3553.682; 0.36359210471891834
3554.164; 0.3634487991240838
3554.646; 0.3635600751962913
3555.128; 0.36186439572414564
3555.611; 0.3646932346288678
3556.093; 0.362380664816792
3556.575; 0.36140973532482024
3557.057; 0.3599873210802632
3557.539; 0.3584072100557578
3558.021; 0.3569474699326636
3558.503; 0.3559030218706094
3558.985; 0.3534802795076101
3559.468; 0.3561877140365597
3559.95; 0.3543518465310136
3560.432; 0.35433565205085615
3560.914; 0.3540895077596745
3561.396; 0.3536002248185096
3561.878; 0.35285447333697206
3562.36; 0.3518825532355323
3562.842; 0.35080078222684297
3563.324; 0.34775864480147556
3563.807; 0.34940539782840396
3564.289; 0.34631405815876704
3564.771; 0.3452533598986578
3565.253; 0.3445565357148589
3565.735; 0.3445017738609123
3566.217; 0.34518895082660395
3566.699; 0.3466095777086511
3567.181; 0.34661414914694844
3567.664; 0.3514112424240634
3568.146; 0.3511113300015781
3568.628; 0.35205813643030237
3569.11; 0.3523279596355732
3569.592; 0.35214930541133793
3570.074; 0.35179067824203925
3570.556; 0.3515804187339834
3571.038; 0.34976697381161415
3571.521; 0.3529818582096891
3572.003; 0.35154169942260227
3572.485; 0.3519435781482
3572.967; 0.3522181251886569
3573.449; 0.3524671495517817
3573.931; 0.35279727318717613
3574.413; 0.3533351021774541
3574.895; 0.3542317045367285
3575.377; 0.3535595553872396
3575.86; 0.35787106948379355
3576.342; 0.3574074954768611
3576.824; 0.35875668007574113
3577.306; 0.36006399442892645
3577.788; 0.361583488096064
3578.27; 0.36356358005608835
3578.752; 0.36628114015778956
3579.234; 0.3678806952958559
3579.717; 0.3749254127112037
3580.199; 0.3774243096796851
3580.681; 0.3816692029763762
3581.163; 0.38536975652311534
3581.645; 0.38836377107377584
3582.127; 0.39061520905008096
3582.609; 0.3922878160111636
3583.091; 0.39374591583952046
3583.573; 0.39331169579260405
3584.056; 0.39798635723914233
3584.538; 0.3978084045688387
3585.02; 0.39935124212717643
3585.502; 0.4002585099599173
3585.984; 0.40022815061334394
3586.466; 0.3990544552787896
3586.948; 0.39688172079782624
3587.43; 0.3920526328546796
3587.913; 0.3921706151788723
3588.395; 0.38766317879781576
3588.877; 0.38600311585040625
3589.359; 0.38533749990928723
3589.841; 0.38562153205658667
3590.323; 0.3865327932259772
3590.805; 0.38775575178301236
3591.287; 0.38685637060998523
3591.77; 0.39300666688128005
3592.251; 0.3866513483222557
3592.734; 0.3927109472503213
3593.216; 0.39168096726208934
3593.698; 0.39293138990630205
3594.18; 0.3941953721841315
3594.662; 0.3952958497892174
3595.144; 0.3959258430278345
3595.626; 0.3958562583935671
3596.108; 0.39267308256918776
3596.591; 0.3935994934613092
3597.073; 0.38767183516469716
3597.555; 0.3822174263811511
3598.037; 0.3751345960109569
3598.519; 0.3668044688207792
3599.001; 0.35785952259900633
3599.483; 0.34929679921620105
3599.965; 0.33990442713958346
3600.448; 0.33816350338983514
3600.93; 0.33323124624871825
3601.412; 0.33244301257776177
3601.894; 0.3326774608533958
3602.376; 0.332828738958884
3602.858; 0.3318072532738291
3603.34; 0.32900001339147733
3603.822; 0.3245764023082518
3604.304; 0.31697023133536695
3604.787; 0.3151614527372041
3605.269; 0.3084877743302701
3605.751; 0.30514109887225227
3606.233; 0.3023363440153125
3606.715; 0.2990752836052467
3607.197; 0.2940789161708197
3607.679; 0.28642787459739083
3608.161; 0.2733026813568721
3608.644; 0.26601546610990134
3609.125; 0.24276862301922264
3609.608; 0.2336326922851346
3610.09; 0.21654871957790722
3610.572; 0.20279767912184254
3611.054; 0.18977070587196132
3611.536; 0.17727161952572124
3612.018; 0.1650651200503308
3612.5; 0.15311866981826416
3612.982; 0.13881098221104282
3613.465; 0.13053760079021914
3613.947; 0.11515456930447865
3614.429; 0.10052379991264393
3614.911; 0.08334027381441977
3615.393; 0.06321700888211612
3615.875; 0.04019972036941555
3616.357; 0.014912081985042791
3616.839; -0.014548618306863936
3617.322; -0.038608695499736445
3617.804; -0.07023249984638102
3618.286; -0.10053033315729976
3618.768; -0.1320711152278018
3619.25; -0.1640000988965682
3619.732; -0.19470821215910727
3620.214; -0.2221321384296815
3620.696; -0.24444897824586498
3621.178; -0.26359434018828165
3621.661; -0.2713819068629473
3622.143; -0.2826349491566762
3622.625; -0.29093439964355006
3623.107; -0.3013414384425528
3623.589; -0.31565079575015553
3624.071; -0.33478563783365
3624.553; -0.3585467647537577
3625.035; -0.38865078072070003
3625.518; -0.41486059788603313
3626.0; -0.4488686348956905
3626.482; -0.4804582888521085
3626.964; -0.5109356422428324
3627.446; -0.5387646417451237
3627.928; -0.5625410003198561
3628.41; -0.5812450988986961
3628.892; -0.5973460338920098
3629.375; -0.6033221490152736
3629.857; -0.6134757874557439
3630.339; -0.6213499202042161
3630.821; -0.6311961883989057
3631.303; -0.6438022191140611
3631.785; -0.6588862522488674
3632.267; -0.6751273672164886
3632.749; -0.6906045743167608
3633.231; -0.7060992423245851
3633.714; -0.7126640260483712
3634.196; -0.722526846724342
3634.678; -0.7286453047245705
3635.16; -0.7349467109238483
3635.642; -0.7427376489021906
3636.124; -0.7528178512844574
3636.606; -0.7651006956252402
3637.088; -0.781118205245398
3637.571; -0.7917371175832886
3638.053; -0.8071109582170455
3638.535; -0.8183032205430509
3639.017; -0.8270594541794791
3639.499; -0.833231447413834
3639.981; -0.8371128313699603
3640.463; -0.8391922375242884
3640.945; -0.8399366295109176
3641.427; -0.8420030820506854
3641.91; -0.8384750393113658
3642.392; -0.8404548627559278
3642.874; -0.8408199572855637
3643.356; -0.841843944937045
3643.838; -0.8434416648796119
3644.32; -0.8454463033958612
3644.802; -0.8474791197873732
3645.284; -0.8511831951218987
3645.767; -0.8490544817298011
3646.249; -0.8509684884521906
3646.731; -0.8495665133904862
3647.213; -0.8467939218508551
3647.695; -0.8426888799542525
3648.177; -0.8375611773933438
3648.659; -0.8318085768320063
3649.141; -0.8279909637912453
3649.624; -0.8178093297889193
3650.105; -0.8202259616398089
3650.588; -0.8120796734945863
3651.07; -0.8119485528234383
3651.552; -0.8109307524220266
3652.034; -0.8108067792378542
3652.516; -0.8112127038077226
3652.998; -0.8118402591013092
3653.48; -0.81235063635878
3653.962; -0.8144588293369122
3654.445; -0.8114133003119717
3654.927; -0.8128080208746318
3655.409; -0.8120354549256923
3655.891; -0.8110873814613677
3656.373; -0.8099859633145732
3656.855; -0.808806488814461
3657.337; -0.8075273096371942
3657.819; -0.8080383148072938
3658.302; -0.8038245718798507
3658.784; -0.8043026905211235
3659.266; -0.8029492625587484
3659.748; -0.8016437110635175
3660.23; -0.8003476309207544
3660.712; -0.7991176418644363
3661.194; -0.7980236015653941
3661.676; -0.7970671293551579
3662.158; -0.7981693862303882
3662.641; -0.794968299835864
3663.123; -0.7968378805442917
3663.605; -0.79738067472923
3664.087; -0.7984440764839889
3664.569; -0.7999103478092084
3665.051; -0.801684732799528
3665.533; -0.803584766200808
3666.015; -0.8073994613207589
3666.498; -0.8047189317869599
3666.979; -0.8129893931650578
3667.462; -0.8101414107496092
3667.944; -0.8136881731243588
3668.426; -0.8153597033053062
3668.908; -0.8170563995486864
3669.39; -0.8186574049307309
3669.872; -0.8200625025669559
3670.354; -0.8211095902577941
3670.836; -0.8235767074684928
3671.319; -0.8211927392930969
3671.801; -0.8232350671431674
3672.283; -0.8235624805771753
3672.765; -0.8241735290927796
3673.247; -0.8251422064436034
3673.729; -0.8265380654907468
3674.211; -0.8282844399694271
3674.693; -0.8321103955952991
3675.176; -0.8315838997044511
3675.658; -0.8356614641806797
3676.14; -0.8378925603581762
3676.622; -0.8399635763310322
3677.104; -0.8417275754199329
3677.586; -0.8431702324716739
3678.068; -0.8443507405506823
3678.55; -0.8453387619989177
3679.032; -0.8481540561550471
3679.515; -0.8467807906173874
3679.997; -0.8505578075936855
3680.479; -0.8533835106071281
3680.961; -0.8571090923983118
3681.443; -0.8615693134441975
3681.925; -0.8665528021019342
3682.407; -0.8717379946959563
3682.889; -0.8787171233389568
3683.372; -0.8810387829599597
3683.854; -0.8877825234575298
3684.336; -0.8926592537242171
3684.818; -0.8975250046098102
3685.3; -0.9023314952696988
3685.782; -0.9070634796180235
3686.264; -0.9116277173622409
3686.746; -0.9178364263720311
3687.229; -0.9194618721999726
3687.711; -0.9257372206874408
3688.193; -0.9305397537614006
3688.675; -0.9358273337678205
3689.157; -0.9416014624475211
3689.639; -0.9478252521972854
3690.121; -0.9543563108553093
3690.603; -0.9609135447967425
3691.085; -0.9690788375171682
3691.568; -0.9723933407829473
3692.05; -0.979803791081689
3692.532; -0.9849738216491868
3693.014; -0.9897015852505318
3693.496; -0.9939636066400426
3693.978; -0.9978603256772487
3694.46; -1.0014970765337012
3694.942; -1.006901827619934
3695.425; -1.0081243487222955
3695.907; -1.0143954601945016
3696.389; -1.019611506390762
3696.871; -1.0255028808201692
3697.353; -1.0317654167140984
3697.835; -1.0380527572100133
3698.317; -1.044018308901005
3698.799; -1.0493657799081744
3699.281; -1.0558539890590528
3699.764; -1.0574759186185827
3700.246; -1.063526276440495
3700.728; -1.0681540734595805
3701.21; -1.0733791159999857
3701.692; -1.0791893902312277
3702.174; -1.0854654586430934
3702.656; -1.0919354799426757
3703.138; -1.100205471798839
3703.621; -1.1039969470879565
3704.103; -1.1123286399067647
3704.585; -1.119106541532863
3705.067; -1.12619782874881
3705.549; -1.133509629924939
3706.031; -1.1408899222307158
3706.513; -1.1480591114390202
3706.995; -1.1566903328844993
3707.478; -1.1586749776347212
3707.959; -1.1711697331928117
3708.442; -1.173108064921284
3708.924; -1.1819603189317127
3709.406; -1.1901079355571
3709.888; -1.1997099179944826
3710.37; -1.2107627020078544
3710.852; -1.2230640876478382
3711.334; -1.236152481633936
3711.816; -1.251363645396725
3712.299; -1.2619643295301204
3712.781; -1.2766710125134337
3713.263; -1.2889608770129382
3713.745; -1.3005171929740231
3714.227; -1.3112540272746158
3714.709; -1.321274844450946
3715.191; -1.330760524414082
3715.673; -1.341899193670061
3716.156; -1.3489328747035825
3716.638; -1.3613645882676897
3717.12; -1.3733117192813467
3717.602; -1.3867041555257913
3718.084; -1.4013415246685685
3718.566; -1.416884335504089
3719.048; -1.4329076304918504
3719.53; -1.4489768560005847
3720.012; -1.4667092249655824
3720.495; -1.4798316419523836
3720.977; -1.49753391777694
3721.459; -1.5136837772431808
3721.941; -1.5301531824265755
3722.423; -1.546827750350356
3722.905; -1.563612130146299
3723.387; -1.5804145353873298
3723.869; -1.5992398107714552
3724.352; -1.612266215127208
3724.833; -1.6370350072313933
3725.316; -1.6523813179403808
3725.798; -1.6756480706740136
3726.28; -1.6986322496531185
3726.762; -1.7228685001963457
3727.244; -1.747795007103044
3727.726; -1.7729663883315374
3728.208; -1.7981270415362203
3728.69; -1.8252594991586064
3729.173; -1.8485981997103735
3729.655; -1.8778510819454968
3730.137; -1.907436298336835
3730.619; -1.939679736995378
3731.101; -1.974777079474773
3731.583; -2.0127766253106576
3732.065; -2.053588669024069
3732.547; -2.0991465156663907
3733.03; -2.14349955276248
3733.512; -2.1963935509008974
3733.994; -2.252461227537376
3734.476; -2.3146645148790865
3734.958; -2.3841779453057
3735.44; -2.462428724483992
3735.922; -2.5512742584146517
3736.404; -2.6534531311069065
3736.886; -2.7755405917388782
3737.369; -2.9197765627271615
3737.851; -3.111404769628777
3738.333; -3.38247656273304
3738.815; -3.8706382705804403
3739.297; -3.873810963290027
