2617.894; 1.8341869807012676
2618.376; 1.8342191209217469
2618.858; 1.760876847234133
2619.34; 1.7201260757753816
2619.822; 1.6916032470721785
2620.304; 1.6696219755907125
2620.786; 1.6514453819901225
2621.269; 1.6370490707982701
2621.75; 1.6230487501376052
2622.233; 1.6122623654190407
2622.715; 1.6017185018600752
2623.197; 1.5924350473147393
2623.679; 1.5839347099963754
2624.161; 1.5760890627604724
2624.643; 1.5687942052898949
2625.125; 1.5619844438338826
2625.607; 1.5553212332329716
2626.09; 1.5497495221233182
2626.572; 1.543833883558185
2627.054; 1.538534737535087
2627.536; 1.5335456739367324
2628.018; 1.5288493825818623
2628.5; 1.5244101449489111
2628.982; 1.520196636896534
2629.464; 1.5158812206837835
2629.947; 1.5124102581450065
2630.429; 1.5083386307775097
2630.911; 1.5046366780036373
2631.393; 1.5010197296557846
2631.875; 1.4975079572249275
2632.357; 1.4941145084489311
2632.839; 1.490851931484069
2633.321; 1.4877393475745206
2633.803; 1.4844921621738676
2634.286; 1.4820878454833557
2634.768; 1.4790848494339708
2635.25; 1.4764468172490743
2635.732; 1.473865508276869
2636.214; 1.4713323196703734
2636.696; 1.468835733266895
2637.178; 1.4663833524136731
2637.66; 1.463694366900707
2638.143; 1.4617672429370727
2638.625; 1.4591840532258462
2639.107; 1.456940893461665
2639.589; 1.4547540068271148
2640.071; 1.4526292100432896
2640.553; 1.4505564111847433
2641.035; 1.4485329258363104
2641.517; 1.4462602430397482
2642.0; 1.4447206578354248
2642.482; 1.442480719625447
2642.964; 1.440536233099287
2643.446; 1.4386123096513523
2643.928; 1.4367328336386436
2644.41; 1.4349087237023193
2644.892; 1.4331461233431844
2645.374; 1.4314557060201687
2645.856; 1.4295442300201902
2646.339; 1.4283895887856417
2646.821; 1.4265429946593928
2647.303; 1.4249821634597202
2647.785; 1.4234142412229467
2648.267; 1.4218511359458361
2648.749; 1.4203017263054636
2649.231; 1.4187888849330257
2649.713; 1.4170375588427981
2650.196; 1.4160462505919669
2650.678; 1.4143790619575043
2651.16; 1.413021254509541
2651.642; 1.4116761609738078
2652.124; 1.4103436710454162
2652.606; 1.4090151481855901
2653.088; 1.407686758168892
2653.57; 1.4063709378047362
2654.052; 1.404786059181439
2654.535; 1.403932105687856
2655.017; 1.4023761866598408
2655.499; 1.4011159520150536
2655.981; 1.3998672893986814
2656.463; 1.3986424394744303
2656.945; 1.3974424225375024
2657.427; 1.396277523548432
2657.909; 1.394859433976607
2658.392; 1.3941809999821855
2658.874; 1.3928003765629207
2659.356; 1.3917105170945578
2659.838; 1.3906226843945195
2660.32; 1.3895444868447338
2660.802; 1.3884706616109017
2661.284; 1.3874025873940408
2661.766; 1.386032677910547
2662.249; 1.3856512196560369
2662.73; 1.383528410584774
2663.213; 1.3831164448465592
2663.695; 1.381701569746761
2664.177; 1.3806018647669922
2664.659; 1.3795379270017185
2665.141; 1.3785308849970026
2665.623; 1.377580171125777
2666.105; 1.3766823709755902
2666.587; 1.3755262461127815
2667.07; 1.3750840742785722
2667.552; 1.3738926560280773
2668.034; 1.372943962404193
2668.516; 1.3719593768685856
2668.998; 1.3709693635812823
2669.48; 1.369997049407598
2669.962; 1.3690704696238158
2670.444; 1.3679078912579703
2670.927; 1.3675028313446633
2671.409; 1.3663947680050186
2671.891; 1.3655664027016219
2672.373; 1.3647170970414588
2672.855; 1.3638521064725835
2673.337; 1.3629731365468531
2673.819; 1.3620881055777416
2674.301; 1.3612194882948707
2674.783; 1.3600902628952434
2675.266; 1.3597095033492386
2675.748; 1.3586324124917843
2676.23; 1.3578589579267644
2676.712; 1.3570958466980256
2677.194; 1.3563453301075463
2677.676; 1.3555966070533054
2678.158; 1.3548474556005985
2678.64; 1.3537881328911332
2679.123; 1.3537170248557482
2679.604; 1.3518918552285555
2680.087; 1.351783091977252
2680.569; 1.3506586760328811
2681.051; 1.3498358732016025
2681.533; 1.3490255226716592
2682.015; 1.348243366480705
2682.497; 1.347489773653435
2682.979; 1.3467698077319084
2683.461; 1.3457844354467308
2683.944; 1.3455262531889227
2684.426; 1.3445328831888765
2684.908; 1.3438028945506795
2685.39; 1.3430472990652296
2685.872; 1.342281449882781
2686.354; 1.3415124631728632
2686.836; 1.3407572046138352
2687.318; 1.3397295982539221
2687.801; 1.3394351825063078
2688.283; 1.338418670261825
2688.765; 1.3376857736473862
2689.247; 1.3369518986753361
2689.729; 1.3362375752514808
2690.211; 1.3355553627705894
2690.693; 1.334917843396842
2691.175; 1.3343441624015902
2691.657; 1.3335442222256813
2692.14; 1.3335075644431964
2692.622; 1.3327586682397832
2693.104; 1.3322728178951722
2693.586; 1.331737752256175
2694.068; 1.3311520483084416
2694.55; 1.330518846117251
2695.032; 1.3298650578655853
2695.514; 1.328924590175088
2695.997; 1.3287252394892728
2696.479; 1.3278267928541494
2696.961; 1.3272374281123396
2697.443; 1.32665997215621
2697.925; 1.3260912303593346
2698.407; 1.3255175618418658
2698.889; 1.3249410837331976
2699.371; 1.3240716484548396
2699.854; 1.323922521606616
2700.336; 1.3230502654398764
2700.818; 1.3224739537358403
2701.3; 1.3219140736519686
2701.782; 1.3213853296643767
2702.264; 1.3208839797530305
2702.746; 1.3204006728171687
2703.228; 1.319934507320582
2703.71; 1.3191838680018422
2704.193; 1.3191454279945598
2704.675; 1.318357674611622
2705.157; 1.317828211575913
2705.639; 1.3172750641847588
2706.121; 1.3167205467997223
2706.603; 1.3161761034646058
2707.085; 1.315658293001627
2707.567; 1.3148738163592737
2708.05; 1.3148191589251863
2708.532; 1.3140174084253387
2709.014; 1.313460457556255
2709.496; 1.3128493508013463
2709.978; 1.3121982808853505
2710.46; 1.3115226546245982
2710.942; 1.3108471467889722
2711.424; 1.310210508572212
2711.906; 1.3093447632251942
2712.389; 1.3092708786595675
2712.871; 1.3085263629653276
2713.353; 1.3081090179333081
2713.835; 1.3077109348756517
2714.317; 1.3073247875096377
2714.799; 1.3069351392937478
2715.281; 1.3065403094466084
2715.763; 1.305840386778667
2716.246; 1.3058384487544605
2716.728; 1.3050711079492348
2717.21; 1.3045507738641418
2717.692; 1.3039967118884568
2718.174; 1.303435279708762
2718.656; 1.3028848172376124
2719.138; 1.30237103871452
2719.62; 1.3016018144841213
2720.103; 1.3018909785394055
2720.584; 1.3004686234316813
2721.067; 1.3008101011652227
2721.549; 1.3001411781542394
2722.031; 1.2997667518500418
2722.513; 1.299383769279479
2722.995; 1.2990052220049357
2723.477; 1.2986354733347167
2723.959; 1.2982855542259275
2724.441; 1.297657972223917
2724.924; 1.2977503739251546
2725.406; 1.2970847258317104
2725.888; 1.2966598718497964
2726.37; 1.2961816083909505
2726.852; 1.295666988497924
2727.334; 1.2951299648523278
2727.816; 1.2945977307366845
2728.298; 1.293792908704349
2728.781; 1.2937381310671014
2729.263; 1.2929714845172648
2729.745; 1.292508296889475
2730.227; 1.2920594008347965
2730.709; 1.291639774012523
2731.191; 1.2912541592143112
2731.673; 1.2909066966695828
2732.155; 1.290609629179929
2732.637; 1.290067230058212
2733.12; 1.2902795650250805
2733.602; 1.2897645240769746
2734.084; 1.2895143122611488
2734.566; 1.2892203162907305
2735.048; 1.2888808493458834
2735.53; 1.288490116822282
2736.012; 1.2880584305110296
2736.494; 1.2872885853862983
2736.977; 1.2875126643217123
2737.458; 1.2859639786515071
2737.941; 1.286167591892222
2738.423; 1.285357006344158
2738.905; 1.2848665516471114
2739.387; 1.2844018917679674
2739.869; 1.2839779049646145
2740.351; 1.2835945869603207
2740.833; 1.2832564827916122
2741.315; 1.2826590455334173
2741.798; 1.2828030511490636
2742.28; 1.2822014183329722
2742.762; 1.2818583941744117
2743.244; 1.2814758784182105
2743.726; 1.2810661512400427
2744.208; 1.2806362945652099
2744.69; 1.2802059290617458
2745.172; 1.2794891376823445
2745.655; 1.2795085847740186
2746.137; 1.2787899461087582
2746.619; 1.278350437552136
2747.101; 1.277896119758891
2747.583; 1.2774396834674306
2748.065; 1.2769855119628228
2748.547; 1.2765409073135436
2749.029; 1.2761260012839661
2749.511; 1.2754554769328612
2749.994; 1.2755522174398006
2750.476; 1.2749413432347372
2750.958; 1.2746373289827935
2751.44; 1.2743399851469583
2751.922; 1.2740510610616707
2752.404; 1.2737601802711196
2752.886; 1.273466629642932
2753.368; 1.2728662045881471
2753.851; 1.2729704148440686
2754.333; 1.272303385996385
2754.815; 1.271892523309311
2755.297; 1.2714622305945973
2755.779; 1.2710466717198485
2756.261; 1.2706686424672853
2756.743; 1.2703536266679016
2757.225; 1.2698103582220157
2757.708; 1.2700458022166736
2758.19; 1.2695640846572118
2758.672; 1.2693600955795494
2759.154; 1.2691215916494434
2759.636; 1.2688488646287301
2760.118; 1.2685395770705283
2760.6; 1.2681976110548479
2761.082; 1.267840493696791
2761.564; 1.267179311285448
2762.047; 1.2672384312049354
2762.529; 1.2665420110942927
2763.011; 1.2661184175136317
2763.493; 1.2656867147550335
2763.975; 1.2652753523870994
2764.457; 1.2649012102743096
2764.939; 1.264583794232489
2765.421; 1.26402490489065
2765.904; 1.2642289528624142
2766.386; 1.263692928531823
2766.868; 1.263415769557307
2767.35; 1.2630913778848307
2767.832; 1.2627327748412869
2768.314; 1.2623541874192454
2768.796; 1.2619766375196808
2769.278; 1.2616314429664701
2769.76; 1.2610365505731531
2770.243; 1.2612152168163988
2770.725; 1.2606799405228695
2771.207; 1.2604416728948173
2771.689; 1.2601965213936372
2772.171; 1.2599491013278634
2772.653; 1.2596956976037257
2773.135; 1.2594425909898488
2773.617; 1.2588882515650643
2774.1; 1.2590478171785486
2774.582; 1.2584349824728696
2775.064; 1.2580763295768076
2775.546; 1.2576916519764672
2776.028; 1.2573146765014056
2776.51; 1.2569699989949201
2776.992; 1.2566845317281248
2777.474; 1.2561557090440973
2777.957; 1.2567012304456673
2778.438; 1.2554960683100804
2778.921; 1.2560470168043198
2779.403; 1.2555306775011577
2779.885; 1.2552667549641405
2780.367; 1.2549528552717935
2780.849; 1.2546131721274145
2781.331; 1.254267158671133
2781.813; 1.253943186687645
2782.295; 1.2533572581789634
2782.778; 1.2535390394339054
2783.26; 1.2530023745108199
2783.742; 1.2527689420259502
2784.224; 1.25253870976055
2784.706; 1.25231652458846
2785.188; 1.2520942543586409
2785.67; 1.2518715662481648
2786.152; 1.251340198104741
2786.635; 1.2515171798934785
2787.117; 1.2509104865019753
2787.599; 1.250551226671627
2788.081; 1.25015531878778
2788.563; 1.2497495473689035
2789.045; 1.2493487041955673
2789.527; 1.2489639631945089
2790.009; 1.2486133845571996
2790.491; 1.248003752949159
2790.974; 1.2481645945498756
2791.456; 1.2476063553911798
2791.938; 1.2473582651683328
2792.42; 1.247123758633921
2792.902; 1.2469106641226684
2793.384; 1.2467120449084088
2793.866; 1.2465277059795234
2794.348; 1.2460486793792287
2794.831; 1.246292989705879
2795.313; 1.2457646277754546
2795.795; 1.2454928718145153
2796.277; 1.2451875597132585
2796.759; 1.2448686051486861
2797.241; 1.2445451440164732
2797.723; 1.2442340329228143
2798.205; 1.2436320201844044
2798.688; 1.2440822743486057
2799.169; 1.2427654263642847
2799.652; 1.243241977741458
2800.134; 1.242688599496463
2800.616; 1.2424407627028893
2801.098; 1.242184966111464
2801.58; 1.2419269172825902
2802.062; 1.2416660947301699
2802.544; 1.2414165572858897
2803.026; 1.2408865490594598
2803.509; 1.241112157432019
2803.991; 1.240600354848212
2804.473; 1.2403787456002087
2804.955; 1.2401428197458912
2805.437; 1.239895265494705
2805.919; 1.2396301273301717
2806.401; 1.2393473690473582
2806.883; 1.2390645451495608
2807.365; 1.238493083733562
2807.848; 1.2386729224177857
2808.33; 1.2381078096946285
2808.812; 1.2378255342639006
2809.294; 1.2375204254602112
2809.776; 1.2371980760385173
2810.258; 1.236860623000173
2810.74; 1.2365294040336265
2811.222; 1.2359227493863194
2811.705; 1.2360912213740454
2812.187; 1.23554810471458
2812.669; 1.2353293427109837
2813.151; 1.2351300201347415
2813.633; 1.2349484913963538
2814.115; 1.2347722264611756
2814.597; 1.2346037329706023
2815.079; 1.234143508125816
2815.562; 1.234428723645403
2816.044; 1.2339693067177167
2816.526; 1.2338045889659437
2817.008; 1.2336396920162442
2817.49; 1.2334834093118079
2817.972; 1.2333285195219639
2818.454; 1.2331653187130542
2818.936; 1.2329951770756828
2819.418; 1.232510699315442
2819.901; 1.2327401599081793
2820.383; 1.2321788177376118
2820.865; 1.2318632961907556
2821.347; 1.2315033081252427
2821.829; 1.2311247917306136
2822.311; 1.230747298572672
2822.793; 1.2304006326040133
2823.275; 1.229799042451277
2823.758; 1.2299842602503168
2824.24; 1.2294484374777985
2824.722; 1.2292187959082377
2825.204; 1.2289859225753381
2825.686; 1.228754720443119
2826.168; 1.228525898705132
2826.65; 1.228315904446997
2827.132; 1.2278326066675476
2827.615; 1.228116349358545
2828.097; 1.227662486857404
2828.579; 1.227500377061876
2829.061; 1.2273216638277942
2829.543; 1.2271293026821684
2830.025; 1.2269193043842832
2830.507; 1.2266936481694177
2830.989; 1.2264706571335195
2831.471; 1.2259599098598941
2831.954; 1.2262060719282692
2832.436; 1.2257083638305468
2832.918; 1.2255051657070366
2833.4; 1.2252968465445837
2833.882; 1.2250940484910937
2834.364; 1.2248968750924578
2834.846; 1.2247144643921675
2835.328; 1.2242341135697277
2835.811; 1.2248024037985494
2836.292; 1.223571847128173
2836.775; 1.2241285625829548
2837.257; 1.2236302964369525
2837.739; 1.223433106479669
2838.221; 1.2232352681742797
2838.703; 1.2230558851039377
2839.185; 1.2229013938024582
2839.667; 1.2227834785365528
2840.149; 1.2223975227471497
2840.632; 1.222773241781533
2841.114; 1.222395108367675
2841.596; 1.2222948513840417
2842.078; 1.2221703028043447
2842.56; 1.2220334449202916
2843.042; 1.2218878296509732
2843.524; 1.221748541415113
2844.006; 1.2213203095483625
2844.489; 1.2216510047521676
2844.971; 1.2212403349048695
2845.453; 1.2211397026161839
2845.935; 1.2210570265430456
2846.417; 1.221003810109692
2846.899; 1.220968302244652
2847.381; 1.2209269698917582
2847.863; 1.2208603913633507
2848.345; 1.220435912474168
2848.828; 1.2206779173370519
2849.31; 1.2200598253334567
2849.792; 1.219636023838832
2850.274; 1.2191256414452019
2850.756; 1.2185683277577324
2851.238; 1.2179941269833168
2851.72; 1.2174408241667534
2852.202; 1.2166272805171392
2852.685; 1.2166253870843182
2853.167; 1.2159270038399492
2853.649; 1.2155986216029628
2854.131; 1.2153437388801147
2854.613; 1.215168966708939
2855.095; 1.2150555519188184
2855.577; 1.214981603576288
2856.059; 1.2145951007815712
2856.542; 1.2152276724886664
2857.023; 1.2139814661604742
2857.506; 1.2144849068252446
2857.988; 1.2138758155680407
2858.47; 1.2135477693297
2858.952; 1.2132150823669612
2859.434; 1.2129095154328617
2859.916; 1.2126407388800444
2860.398; 1.2124165121646562
2860.88; 1.211921338403668
2861.363; 1.212192496183464
2861.845; 1.21169441030098
2862.327; 1.2114756494946008
2862.809; 1.2112373802587126
2863.291; 1.2109997470906433
2863.773; 1.2107716079584991
2864.255; 1.2105591243400522
2864.737; 1.2103759765840838
2865.219; 1.2099169831902403
2865.702; 1.2102291482883978
2866.184; 1.2097807374064775
2866.666; 1.209618102702128
2867.148; 1.2094339909544964
2867.63; 1.209237259501741
2868.112; 1.2090268227317635
2868.594; 1.2088124659209591
2869.076; 1.2082891386004175
2869.559; 1.2085109349842649
2870.041; 1.207953302553007
2870.523; 1.207677853395579
2871.005; 1.2073930716927477
2871.487; 1.2071248120355695
2871.969; 1.2068865228117156
2872.451; 1.2066964842432089
2872.933; 1.2062492010594006
2873.416; 1.2065875057734206
2873.898; 1.2061671921777977
2874.38; 1.2060245379338057
2874.862; 1.2058437988725643
2875.344; 1.205633048968493
2875.826; 1.2053985214124556
2876.308; 1.2051545965952462
2876.79; 1.204931309997764
2877.272; 1.204442002215966
2877.755; 1.2047518125053156
2878.237; 1.204335878596139
2878.719; 1.2042441612318235
2879.201; 1.2041636711472892
2879.683; 1.204093706254888
2880.165; 1.2040220494843437
2880.647; 1.203948067030199
2881.129; 1.2035583445389322
2881.612; 1.203902710625714
2882.094; 1.203453716810139
2882.576; 1.2032747653444056
2883.058; 1.2030764228769388
2883.54; 1.202885990247647
2884.022; 1.2027157960666697
2884.504; 1.202579903993962
2884.986; 1.2021659785362657
2885.469; 1.2025154522202972
2885.951; 1.2020809106811652
2886.433; 1.2019106602715088
2886.915; 1.2017045172987673
2887.397; 1.2014899414553417
2887.879; 1.2012883709661426
2888.361; 1.2011180831212516
2888.843; 1.2009975621355762
2889.325; 1.2006130538172364
2889.808; 1.201001158791517
2890.29; 1.2005998150473265
2890.772; 1.2004459367488718
2891.254; 1.2002268568576588
2891.736; 1.1999628269854976
2892.218; 1.1996755638749594
2892.7; 1.1994006561756034
2893.182; 1.198841248587856
2893.665; 1.1993883076419882
2894.146; 1.1981333692378653
2894.629; 1.1987364389949016
2895.111; 1.1982782023867795
2895.593; 1.1981289092015432
2896.075; 1.1979643550286652
2896.557; 1.19779122882863
2897.039; 1.1976080740972095
2897.521; 1.1974249524457168
2898.003; 1.1969347548211153
2898.486; 1.1972028793108422
2898.968; 1.1966929388649101
2899.45; 1.1964775689274145
2899.932; 1.1962607811570107
2900.414; 1.1960623057416446
2900.896; 1.1958855289416643
2901.378; 1.1957382967702124
2901.86; 1.195305842875991
2902.343; 1.1956441207892845
2902.825; 1.1952049311002513
2903.307; 1.1950527706166774
2903.789; 1.194885154542875
2904.271; 1.1947186063145263
2904.753; 1.1945557207216744
2905.235; 1.194396351807818
2905.717; 1.1942509898121614
2906.199; 1.1938123586626104
2906.682; 1.1941486173024844
2907.164; 1.1937182134564792
2907.646; 1.1935902887418839
2908.128; 1.1934573056502091
2908.61; 1.1933253058636477
2909.092; 1.1931859431444756
2909.574; 1.1930427170304099
2910.056; 1.1925863048786955
2910.539; 1.192893042732306
2911.021; 1.192432844326064
2911.503; 1.1922957794422309
2911.985; 1.192192955027014
2912.467; 1.1921440638458047
2912.949; 1.1921441332509932
2913.431; 1.1921869151814277
2913.913; 1.1919317936431735
2914.396; 1.192750151594897
2914.877; 1.1917007604061143
2915.36; 1.1924727508175097
2915.842; 1.1921293825674892
2916.324; 1.192051638462483
2916.806; 1.1919043987815776
2917.288; 1.191682081026375
2917.77; 1.1913757069010804
2918.252; 1.191000724103446
2918.734; 1.1902654747133812
2919.217; 1.1902821149738143
2919.699; 1.1895223593331878
2920.181; 1.1890973429389102
2920.663; 1.1887148740917581
2921.145; 1.1883908213395624
2921.627; 1.1881167051107695
2922.109; 1.187877531696671
2922.591; 1.1876692354200038
2923.073; 1.18716580773852
2923.556; 1.1874356853876387
2924.038; 1.1868990947612585
2924.52; 1.1866273944341927
2925.002; 1.1863046013675758
2925.484; 1.1859476298681058
2925.966; 1.1855738888801102
2926.448; 1.185220999788004
2926.93; 1.184604506110267
2927.413; 1.1848279097416643
2927.895; 1.18432481607136
2928.377; 1.1841642802672623
2928.859; 1.1840055645072736
2929.341; 1.1838276599561155
2929.823; 1.1836058125660394
2930.305; 1.1833419684697493
2930.787; 1.1827311750233764
2931.27; 1.1828794746505988
2931.752; 1.1822388782332514
2932.234; 1.1819149101886928
2932.716; 1.1816055828943437
2933.198; 1.1813236895136752
2933.68; 1.1810645289817636
2934.162; 1.1808240259254785
2934.644; 1.1806148654921127
2935.126; 1.1801301590792261
2935.609; 1.1804607573292447
2936.091; 1.1800377029511937
2936.573; 1.179940920386535
2937.055; 1.1798453312111932
2937.537; 1.1797428574340043
2938.019; 1.1796101858404862
2938.501; 1.179434756044412
2938.983; 1.1788830871184786
2939.466; 1.1790311143485035
2939.948; 1.178305976487104
2940.43; 1.177814804864041
2940.912; 1.1772824401211208
2941.394; 1.1767719015885323
2941.876; 1.1763379001311933
2942.358; 1.1760353090328537
2942.84; 1.1755711809996519
2943.323; 1.1760182524555631
2943.805; 1.1757647075204607
2944.287; 1.175837157640383
2944.769; 1.175864899078472
2945.251; 1.17581686035197
2945.733; 1.1756764778164233
2946.215; 1.1754555671297968
2946.697; 1.175198796154944
2947.179; 1.1746334794828832
2947.662; 1.1748773125446477
2948.144; 1.174375446346071
2948.626; 1.1742136757668307
2949.108; 1.1740694568742733
2949.59; 1.1739413582871794
2950.072; 1.173820191969666
2950.554; 1.1737130386005687
2951.036; 1.1732978251124857
2951.519; 1.1739869823029296
2952.0; 1.17281555135892
2952.483; 1.1735257611535033
2952.965; 1.1731457414767086
2953.447; 1.1730770739846972
2953.929; 1.1729885549034063
2954.411; 1.1728839959144175
2954.893; 1.172758354525681
2955.375; 1.1726193467906716
2955.857; 1.172152704469587
2956.34; 1.1724467354761479
2956.822; 1.1719354376272904
2957.304; 1.1717161335478963
2957.786; 1.171488578998894
2958.268; 1.1712729531194848
2958.75; 1.171070349644335
2959.232; 1.1708844882900236
2959.714; 1.1703897430033041
2960.197; 1.1706632265924592
2960.679; 1.1701301187316127
2961.161; 1.1698911172852544
2961.643; 1.1696579082666705
2962.125; 1.1694693406608705
2962.607; 1.1693440225005844
2963.089; 1.1692848522571704
2963.571; 1.1692892424683208
2964.053; 1.1690169342765175
2964.536; 1.1695204667487928
2965.018; 1.1691987221795923
2965.5; 1.1691204611203116
2965.982; 1.1689705651978468
2966.464; 1.1687695160932827
2966.946; 1.1685335118065139
2967.428; 1.1682925037752878
2967.91; 1.1677516034906272
2968.393; 1.1680170029823496
2968.875; 1.1675292705832354
2969.357; 1.1673905589580693
2969.839; 1.1672947380811132
2970.321; 1.1672496455659478
2970.803; 1.1672388866805958
2971.285; 1.167245784275446
2971.767; 1.1669147656121306
2972.25; 1.1676356870278857
2972.731; 1.166416860724731
2973.214; 1.1670224329854488
2973.696; 1.1664873534331432
2974.178; 1.166248434137933
2974.66; 1.1659998204195816
2975.142; 1.1657659692130682
2975.624; 1.1655550108648778
2976.106; 1.1653822927737318
2976.588; 1.1649359574102263
2977.071; 1.1653074543124875
2977.553; 1.1649162550618604
2978.035; 1.164846044064831
2978.517; 1.1647688717153963
2978.999; 1.164675268862527
2979.481; 1.1645413767154387
2979.963; 1.1643493121467274
2980.445; 1.1641071967453345
2980.927; 1.163513997737216
2981.41; 1.1636908234805157
2981.892; 1.1630917603870063
2982.374; 1.1628449698503756
2982.856; 1.162662239131086
2983.338; 1.1625672277339147
2983.82; 1.1625566751059662
2984.302; 1.1626248683180245
2984.784; 1.1624312433445327
2985.267; 1.163033489501448
2985.749; 1.162820607026088
2986.231; 1.1628542456117787
2986.713; 1.1628019225286772
2987.195; 1.1626692143549207
2987.677; 1.1624655578182628
2988.159; 1.162225760319277
2988.641; 1.1616671750613796
2989.124; 1.1619177633406785
2989.606; 1.161418892650292
2990.088; 1.161276401285029
2990.57; 1.1611698970936994
2991.052; 1.161090885844477
2991.534; 1.161010595239127
2992.016; 1.1609013026678814
2992.498; 1.160756162244306
2992.98; 1.1602528909387588
2993.463; 1.1604924444227727
2993.945; 1.1599002735583683
2994.427; 1.159591489603883
2994.909; 1.1592729943326145
2995.391; 1.158980999869426
2995.873; 1.1587403900006037
2996.355; 1.1585840100810016
2996.837; 1.1582101779102694
2997.32; 1.1587138313896885
2997.802; 1.1584958079962078
2998.284; 1.1586227075982511
2998.766; 1.1587437702283592
2999.248; 1.1588342528294937
2999.73; 1.1588656889360647
3000.212; 1.1588341312627346
3000.694; 1.1584232954142868
3001.177; 1.1587421891519074
3001.659; 1.1582234056186693
3002.141; 1.1579880988477944
3002.623; 1.1577453921561125
3003.105; 1.1575293381955047
3003.587; 1.157357952184483
3004.069; 1.1572447363427982
3004.551; 1.157209250986715
3005.033; 1.1569347072235334
3005.516; 1.1575052801573147
3005.998; 1.1573089619904922
3006.48; 1.1574117248486504
3006.962; 1.157465902196357
3007.444; 1.1574554149429974
3007.926; 1.1573615369561856
3008.408; 1.15718663167212
3008.89; 1.156603812838928
3009.373; 1.157059711511581
3009.854; 1.1555561038358746
3010.337; 1.1559333898812558
3010.819; 1.155207017886616
3011.301; 1.1548515418538001
3011.783; 1.1545746576765612
3012.265; 1.1544142680040181
3012.747; 1.1543787056073416
3013.229; 1.154462542498184
3013.711; 1.1543075000080365
3014.194; 1.15495681692173
3014.676; 1.1547593905527567
3015.158; 1.1547760129121023
3015.64; 1.1546803418555314
3016.122; 1.154506265722065
3016.604; 1.1542993202557432
3017.086; 1.154122389840532
3017.568; 1.1536962645939401
3018.051; 1.154137722225672
3018.533; 1.1538321988930555
3019.015; 1.1538468487075006
3019.497; 1.1538206726808418
3019.979; 1.15373036437842
3020.461; 1.1535592946643023
3020.943; 1.153313688896028
3021.425; 1.153030961725126
3021.907; 1.152426288979406
3022.39; 1.1526400174079403
3022.872; 1.1520881163630918
3023.354; 1.151886688397082
3023.836; 1.1517127433885097
3024.318; 1.1515674888180865
3024.8; 1.1514397175624758
3025.282; 1.1513335900169201
3025.764; 1.1509296033803933
3026.247; 1.1513423978037114
3026.729; 1.1509805773380428
3027.211; 1.1509667981035243
3027.693; 1.1509936025374385
3028.175; 1.1510740455587243
3028.657; 1.1511947757372494
3029.139; 1.151337019125737
3029.621; 1.151128909091972
3030.104; 1.1519697462990441
3030.585; 1.1507881491041683
3031.068; 1.1514055432950978
3031.55; 1.1507935359732713
3032.032; 1.1504322720093723
3032.514; 1.1500418051048877
3032.996; 1.1496885581646787
3033.478; 1.1494181090451314
3033.96; 1.149265925470958
3034.442; 1.1489086717619128
3034.925; 1.149432333597619
3035.407; 1.1491826933526061
3035.889; 1.1492275704513064
3036.371; 1.1492096259432985
3036.853; 1.1491186474964288
3037.335; 1.1489494471104427
3037.817; 1.1487133341739253
3038.299; 1.1484468729202923
3038.781; 1.1478599798979192
3039.264; 1.1481029422088636
3039.746; 1.1475865226672897
3040.228; 1.147449169281292
3040.71; 1.1473783299367153
3041.192; 1.1473798895981016
3041.674; 1.1474319353997537
3042.156; 1.1475103932050594
3042.638; 1.1472508430661839
3043.121; 1.1477327895842198
3043.603; 1.1473120336350366
3044.085; 1.1471044427675425
3044.567; 1.1468090428519258
3045.049; 1.1464750720965315
3045.531; 1.146144581050277
3046.013; 1.1458623549779252
3046.495; 1.1453200528648153
3046.978; 1.1456352433142534
3047.46; 1.145163941372643
3047.942; 1.1450078173897078
3048.424; 1.1448315717897222
3048.906; 1.1446491242571342
3049.388; 1.1444748148241792
3049.87; 1.1443293423800984
3050.352; 1.1442428657615356
3050.834; 1.1438989890022282
3051.317; 1.1444113395410538
3051.799; 1.1441338012106184
3052.281; 1.1441633030519365
3052.763; 1.1441552768109036
3053.245; 1.1441083911874863
3053.727; 1.1440184131995668
3054.209; 1.1438980275491706
3054.691; 1.1434245885140493
3055.174; 1.1437249416892148
3055.656; 1.1431672327203029
3056.138; 1.142880784087337
3056.62; 1.1425511425305788
3057.102; 1.1422083744250868
3057.584; 1.141876754844509
3058.066; 1.141592902772087
3058.548; 1.1410518705471273
3059.031; 1.1413923041263014
3059.513; 1.1409827099507956
3059.995; 1.1409451705487756
3060.477; 1.1409445428446383
3060.959; 1.1409784680635524
3061.441; 1.1410283511766703
3061.923; 1.1410725086651266
3062.405; 1.1411005628611683
3062.887; 1.1407677352464025
3063.37; 1.1411897512295572
3063.852; 1.1407348845118555
3064.334; 1.1405503620300455
3064.816; 1.1403460892488502
3065.298; 1.1401746872975205
3065.78; 1.1400703695001757
3066.262; 1.140059723900225
3066.744; 1.1397979627970969
3067.227; 1.1407238184497042
3067.708; 1.1397079377617478
3068.191; 1.1406129663065039
3068.673; 1.1403223658659387
3069.155; 1.1402946680734083
3069.637; 1.1401972140040146
3070.119; 1.1400519908835023
3070.601; 1.1398685306228447
3071.083; 1.139661044312311
3071.565; 1.1390976491751739
3072.048; 1.1393102027951627
3072.53; 1.1386538790651297
3073.012; 1.1382799365991396
3073.494; 1.137887716817086
3073.976; 1.1375217377478586
3074.458; 1.137210480121258
3074.94; 1.136980886474112
3075.422; 1.1365029549965477
3075.905; 1.1368964255573195
3076.387; 1.136488673904574
3076.869; 1.1363939603507474
3077.351; 1.1362714224545907
3077.833; 1.1361321946678398
3078.315; 1.1359855688375986
3078.797; 1.1358473917256762
3079.279; 1.1357471152300276
3079.761; 1.135370174131702
3080.244; 1.1358571414834082
3080.726; 1.1355569818987243
3081.208; 1.1355949788352273
3081.69; 1.1356305570191016
3082.172; 1.1356644759796852
3082.654; 1.135691807184371
3083.136; 1.1357272796645013
3083.618; 1.135453223666354
3084.101; 1.1360195447964978
3084.583; 1.1357876317840905
3085.065; 1.135893314310366
3085.547; 1.1359930133669405
3086.029; 1.1360677624344182
3086.511; 1.1360783063013271
3086.993; 1.1359990817070977
3087.475; 1.135467728128453
3087.958; 1.1359785348978142
3088.439; 1.1344302381137124
3088.922; 1.1348337014822474
3089.404; 1.1341128132540894
3089.886; 1.1338074707506942
3090.368; 1.1336020911201272
3090.85; 1.1335071301704747
3091.332; 1.1334983238698266
3091.814; 1.1335491752196831
3092.296; 1.1332895395833362
3092.779; 1.133833729079426
3093.261; 1.1335063796635372
3093.743; 1.1334532218480513
3094.225; 1.133356186210002
3094.707; 1.133242380684336
3095.189; 1.1331215282422176
3095.671; 1.1329942674486597
3096.153; 1.1328645006901439
3096.635; 1.1323855818048045
3097.118; 1.132692639201729
3097.6; 1.1321073189440234
3098.082; 1.1317820874563762
3098.564; 1.1314012913468876
3099.046; 1.1310058297020835
3099.528; 1.1306315609193884
3100.01; 1.1303251318322116
3100.492; 1.129781170092493
3100.975; 1.130165549971503
3101.457; 1.1298126129152106
3101.939; 1.129868328226462
3102.421; 1.1299908526951281
3102.903; 1.1301794514463697
3103.385; 1.1304180686076077
3103.867; 1.1306965098878825
3104.349; 1.130653917074996
3104.832; 1.13140465347725
3105.314; 1.131245863122559
3105.796; 1.131298982711483
3106.278; 1.1312201135825306
3106.76; 1.1310273517704903
3107.242; 1.1307424259781929
3107.724; 1.1303970072164642
3108.206; 1.1300372174495668
3108.688; 1.129357191399402
3109.171; 1.1295371696928822
3109.653; 1.1289130172442658
3110.135; 1.1286609863079906
3110.617; 1.1284671732445872
3111.099; 1.1283646909018932
3111.581; 1.1283670315692498
3112.063; 1.1284820568568228
3112.545; 1.128348939261405
3113.028; 1.1290779539476605
3113.51; 1.1289351569062835
3113.992; 1.1290308987395699
3114.474; 1.129007352425378
3114.956; 1.128880332936146
3115.438; 1.1286757287370826
3115.92; 1.128439143567621
3116.402; 1.1278607503220368
3116.885; 1.128117304228146
3117.367; 1.1275188410961057
3117.849; 1.1272298428432033
3118.331; 1.1269264605701947
3118.813; 1.126651818713395
3119.295; 1.1264485380651281
3119.777; 1.1263553936545256
3120.259; 1.1264005440570162
3120.741; 1.1262269020253513
3121.224; 1.1269421085477522
3121.706; 1.1267792826377647
3122.188; 1.1268342985217215
3122.67; 1.1267355804559502
3123.152; 1.126506030559959
3123.634; 1.126197457853018
3124.116; 1.1258928994111832
3124.598; 1.1253169021957465
3125.081; 1.125673846488413
3125.563; 1.1252617374726124
3126.045; 1.1252215902131595
3126.527; 1.1251773128141411
3127.009; 1.12511392004169
3127.491; 1.1250251477368272
3127.973; 1.1249338465594365
3128.455; 1.1245066730284161
3128.938; 1.125280827149498
3129.419; 1.1240312331686924
3129.902; 1.1247952493295224
3130.384; 1.1243246924143517
3130.866; 1.1241270224464026
3131.348; 1.1238495894825995
3131.83; 1.123525637773843
3132.312; 1.1231943679990468
3132.794; 1.122911538164155
3133.276; 1.122371837853527
3133.759; 1.1227720048729486
3134.241; 1.1224022510525065
3134.723; 1.122427327717896
3135.205; 1.1224855160149292
3135.687; 1.1225644294354717
3136.169; 1.1226380546373589
3136.651; 1.1226814114141077
3137.133; 1.1226854747200752
3137.615; 1.1222931640906435
3138.098; 1.1226805552687658
3138.58; 1.1221384207104563
3139.062; 1.1218687551357027
3139.544; 1.1215603934640899
3140.026; 1.1212595605912168
3140.508; 1.1209962771116015
3140.99; 1.120802438679828
3141.472; 1.1203429715833337
3141.955; 1.1208000083844218
3142.437; 1.1204436276505925
3142.919; 1.1204468712840894
3143.401; 1.1204546166186837
3143.883; 1.120465545526743
3144.365; 1.1204646828789675
3144.847; 1.1204472890493653
3145.329; 1.1200437121910651
3145.812; 1.1207938815881833
3146.293; 1.119440416689196
3146.776; 1.1201104164366766
3147.258; 1.1195632271836582
3147.74; 1.119369905397893
3148.222; 1.1191920681997372
3148.704; 1.119050252672505
3149.186; 1.1189437675454785
3149.668; 1.1188755931704957
3150.15; 1.1184864904181926
3150.633; 1.1189554224177174
3151.115; 1.1185367001710786
3151.597; 1.1184162962232564
3152.079; 1.1182471900809312
3152.561; 1.1180456693870444
3153.043; 1.1178216297565908
3153.525; 1.1176017612899147
3154.007; 1.1170562707064036
3154.49; 1.1173994742816018
3154.972; 1.116901452311485
3155.454; 1.116762665063407
3155.936; 1.1166295285236532
3156.418; 1.1165009913882313
3156.9; 1.1163624847687084
3157.382; 1.1162066407322888
3157.864; 1.1160519366870432
3158.346; 1.115569999825785
3158.829; 1.1159883718758303
3159.311; 1.1155873064101354
3159.793; 1.1155811327029428
3160.275; 1.1156179436268214
3160.757; 1.1156867525709866
3161.239; 1.1157511624863692
3161.721; 1.1157838723128441
3162.203; 1.11540536375364
3162.686; 1.1158086999426087
3163.168; 1.1152533375497953
3163.65; 1.11497479698859
3164.132; 1.1146665099538204
3164.614; 1.1143825021895535
3165.096; 1.1141515430006346
3165.578; 1.11398370821514
3166.06; 1.1138834430546956
3166.542; 1.1134798080024242
3167.025; 1.1139582511712118
3167.507; 1.113545276942411
3167.989; 1.1134490771401044
3168.471; 1.113334457033753
3168.953; 1.113237593559492
3169.435; 1.1131797360945221
3169.917; 1.1131797303918136
3170.399; 1.1128718488595166
3170.882; 1.1134356989259966
3171.364; 1.113066909695146
3171.846; 1.1129449194854528
3172.328; 1.1127081206748604
3172.81; 1.1123888012798513
3173.292; 1.1120344024440338
3173.774; 1.11171894214743
3174.256; 1.1111471382624671
3174.739; 1.111574208958015
3175.221; 1.1112343905274802
3175.703; 1.1113196251485782
3176.185; 1.1114264669630545
3176.667; 1.111505646045051
3177.149; 1.1114982496057477
3177.631; 1.111362222928387
3178.113; 1.1110947306318282
3178.595; 1.1103544142779875
3179.078; 1.110410767406066
3179.56; 1.1095450676033138
3180.042; 1.1090594545051944
3180.524; 1.1086696112596783
3181.006; 1.1084384733876427
3181.488; 1.1083817187523624
3181.97; 1.1084860377382475
3182.452; 1.1083346323345973
3182.935; 1.1090718898783387
3183.417; 1.1088388089424115
3183.899; 1.1088125101901773
3184.381; 1.108633048674261
3184.863; 1.1083512248544305
3185.345; 1.1080335165912845
3185.827; 1.1077610388923416
3186.309; 1.1072126121545058
3186.792; 1.1080046429989612
3187.273; 1.1067310841735392
3187.756; 1.107608415356525
3188.238; 1.1072009110931424
3188.72; 1.107073732463408
3189.202; 1.106842690026393
3189.684; 1.106530823794658
3190.166; 1.1061684493348025
3190.648; 1.1058062677280631
3191.13; 1.105121955640515
3191.613; 1.1053852587628576
3192.095; 1.1048185057760627
3192.577; 1.1046775291100914
3193.059; 1.1046123938818557
3193.541; 1.1046338266019067
3194.023; 1.1047249864388324
3194.505; 1.1048551952824104
3194.987; 1.104998569205885
3195.469; 1.1047578815832422
3195.952; 1.1053480887242164
3196.434; 1.1049581483687614
3196.916; 1.1048433266801478
3197.398; 1.1046730960312101
3197.88; 1.1044911519263794
3198.362; 1.1043180948027362
3198.844; 1.1041686457900919
3199.326; 1.1036644794779213
3199.809; 1.1040299550531634
3200.291; 1.1034228201120286
3200.773; 1.1030809697098303
3201.255; 1.1026471516207228
3201.737; 1.1021543691715496
3202.219; 1.1016309969929938
3202.701; 1.101116427904693
3203.183; 1.1002543185138676
3203.666; 1.1006950869485466
3204.147; 1.0989981212251259
3204.63; 1.0995242041262778
3205.112; 1.0988403786022225
3205.594; 1.0986058891689852
3206.076; 1.098467925782505
3206.558; 1.0984555553472921
3207.04; 1.0985693187939853
3207.522; 1.0987983889815256
3208.004; 1.0987319159944209
3208.487; 1.0995599962182485
3208.969; 1.099394944939731
3209.451; 1.099443789529115
3209.933; 1.099329329589598
3210.415; 1.0990874799189243
3210.897; 1.0987710804539155
3211.379; 1.0984562133501643
3211.861; 1.0978273484049121
3212.344; 1.098167070930951
3212.826; 1.0976208805643974
3213.308; 1.0974073329778045
3213.79; 1.0971131201010307
3214.272; 1.096728342151618
3214.754; 1.096273124362567
3215.236; 1.0958132453857132
3215.718; 1.0954554531249814
3216.2; 1.0949213668834779
3216.683; 1.0955246626378548
3217.165; 1.0954131223788102
3217.647; 1.0957792061108202
3218.129; 1.0961450963659436
3218.611; 1.0964083834326972
3219.093; 1.0964846722115826
3219.575; 1.0963548967149654
3220.057; 1.0956726821792269
3220.54; 1.095775938933398
3221.022; 1.0948893436699418
3221.504; 1.094357032398947
3221.986; 1.0938584078563904
3222.468; 1.0934339159518147
3222.95; 1.0930954609993377
3223.432; 1.0928479762385543
3223.914; 1.0927055547985671
3224.396; 1.0922897434051457
3224.879; 1.0928541714776703
3225.361; 1.0924976955912977
3225.843; 1.0924435167106779
3226.325; 1.0922703924060189
3226.807; 1.0919622817639774
3227.289; 1.0915256610319732
3227.771; 1.0910164922106584
3228.253; 1.0901291391805756
3228.736; 1.0902194930609592
3229.218; 1.0894699702742012
3229.7; 1.089186053207732
3230.182; 1.0889830474724898
3230.664; 1.088841589121345
3231.146; 1.0887257677696986
3231.628; 1.0886235885386693
3232.11; 1.0881556480966452
3232.593; 1.0886164277988302
3233.075; 1.088153700639983
3233.557; 1.0880668921372925
3234.039; 1.0879884514923932
3234.521; 1.0879252079863069
3235.003; 1.0878620139081712
3235.485; 1.0877815856142903
3235.967; 1.0876840327625017
3236.449; 1.0871889419494474
3236.932; 1.0875879471639336
3237.414; 1.0870128209746746
3237.896; 1.0867676463449312
3238.378; 1.0864955017845732
3238.86; 1.0862258357655699
3239.342; 1.085969555509067
3239.824; 1.0857409639049516
3240.306; 1.0851554952809765
3240.789; 1.0854941327481706
3241.271; 1.0848606073991134
3241.753; 1.084550602973221
3242.235; 1.0842069625662447
3242.717; 1.0838779331266482
3243.199; 1.0836054119415524
3243.681; 1.0834351638872821
3244.163; 1.0829906031583785
3244.646; 1.0839453680755171
3245.127; 1.082705344422535
3245.61; 1.083715973414587
3246.092; 1.083384745984478
3246.574; 1.0833861179007387
3247.056; 1.083337361393152
3247.538; 1.0832666584027435
3248.02; 1.0831850676261108
3248.502; 1.0831001585400823
3248.984; 1.0826103025424378
3249.467; 1.0829909374989644
3249.949; 1.0823247427016378
3250.431; 1.0819242394469757
3250.913; 1.0814500152332724
3251.395; 1.0809758042181015
3251.877; 1.0805617850503033
3252.359; 1.0802463850635475
3252.841; 1.0800465587937558
3253.323; 1.0795507858650513
3253.806; 1.080018540410328
3254.288; 1.0794925387636676
3254.77; 1.0792541411431977
3255.252; 1.078921785711192
3255.734; 1.0785296206029134
3256.216; 1.0781064657909287
3256.698; 1.077687671960542
3257.18; 1.0769002383878086
3257.663; 1.0770619930242675
3258.145; 1.0762615888642364
3258.627; 1.0758347256212903
3259.109; 1.0754350646286184
3259.591; 1.075119467984181
3260.073; 1.074922191717513
3260.555; 1.0748635937287683
3261.037; 1.0745245937070786
3261.52; 1.0755653772644374
3262.001; 1.074321198249812
3262.484; 1.0752997769893409
3262.966; 1.0748834221175536
3263.448; 1.0748066971782144
3263.93; 1.0747181852625145
3264.412; 1.0746705429416024
3264.894; 1.0746809359170084
3265.376; 1.0747468677228786
3265.858; 1.0744430596660115
3266.341; 1.0750381224117898
3266.823; 1.0745746648693177
3267.305; 1.0743636789055746
3267.787; 1.0740457494415094
3268.269; 1.073677449639744
3268.751; 1.0733028789077455
3269.233; 1.0729624376453475
3269.715; 1.0722732831942339
3270.198; 1.072547162750115
3270.68; 1.071831437148604
3271.162; 1.071446305385349
3271.644; 1.0710213392433177
3272.126; 1.0706054677422092
3272.608; 1.0702409888531697
3273.09; 1.0699604341462794
3273.572; 1.0697866223134915
3274.054; 1.0693146302072543
3274.537; 1.0698334132512028
3275.019; 1.0693637705886305
3275.501; 1.0692050446890629
3275.983; 1.0689701755944048
3276.465; 1.0687022504401862
3276.947; 1.0684528822136081
3277.429; 1.0682912373885143
3277.911; 1.067872813164723
3278.394; 1.068540977495657
3278.876; 1.0683418519917771
3279.358; 1.0685614709397537
3279.84; 1.0687581740857692
3280.322; 1.0688929140438443
3280.804; 1.0689289739166017
3281.286; 1.0688536549434433
3281.768; 1.0686924243705593
3282.25; 1.0680851866409315
3282.733; 1.0684052345019375
3283.215; 1.0677333700599063
3283.697; 1.0674259736104026
3284.179; 1.067099522985534
3284.661; 1.0667643711598984
3285.143; 1.0664168575041248
3285.625; 1.0660737125498343
3286.107; 1.0653593075898136
3286.59; 1.0656442031476134
3287.072; 1.065001277044126
3287.554; 1.0647998836534405
3288.036; 1.064659368862306
3288.518; 1.0645831868459184
3289.0; 1.0645437265178945
3289.482; 1.0645180108293697
3289.964; 1.0640824429701166
3290.447; 1.0645675268379282
3290.929; 1.0640163327968055
3291.411; 1.0637989304595974
3291.893; 1.0635561635541002
3292.375; 1.0633297594335793
3292.857; 1.0631334016199017
3293.339; 1.062964924334826
3293.821; 1.0628262049799213
3294.303; 1.0623119682532793
3294.786; 1.062771281339469
3295.268; 1.0622426628948753
3295.75; 1.0620956393382748
3296.232; 1.0619532457307184
3296.714; 1.0618339555992884
3297.196; 1.0617265217535654
3297.678; 1.0616199019557857
3298.16; 1.0610923684826015
3298.643; 1.0614874989154008
3299.125; 1.0608327067499446
3299.607; 1.0605154504741612
3300.089; 1.0601832427187574
3300.571; 1.0598899986546508
3301.053; 1.0596592413693753
3301.535; 1.059502622178598
3302.017; 1.0589886995559028
3302.5; 1.0598633733870624
3302.981; 1.0583582307876145
3303.464; 1.0591924242234392
3303.946; 1.0586351786064192
3304.428; 1.0584906931150702
3304.91; 1.05837226656747
3305.392; 1.0582982275072548
3305.874; 1.0582509098722606
3306.356; 1.0582080272240104
3306.838; 1.0577314831639026
3307.321; 1.0581659440453908
3307.803; 1.0575159444658666
3308.285; 1.057183555477952
3308.767; 1.0568252305674222
3309.249; 1.0565161439811992
3309.731; 1.056304580089651
3310.213; 1.0562117552125219
3310.695; 1.0562397658630551
3311.177; 1.0559460459212135
3311.66; 1.056644493782486
3312.142; 1.0562643666675788
3312.624; 1.056130998640866
3313.106; 1.055823554577081
3313.588; 1.0553719895301217
3314.07; 1.0548275381443168
3314.552; 1.0542777646698607
3315.034; 1.0533965240754464
3315.517; 1.0536300246717782
3315.999; 1.0529845333795607
3316.481; 1.0528333325932826
3316.963; 1.0527284629080258
3317.445; 1.0526257122201756
3317.927; 1.0524765577595478
3318.409; 1.0522732507035484
3318.891; 1.0516125705402248
3319.374; 1.0523492542981143
3319.855; 1.0507162179387692
3320.338; 1.0515721787544978
3320.82; 1.0511105286804419
3321.302; 1.0511260599456764
3321.784; 1.0511611367813092
3322.266; 1.051183911793557
3322.748; 1.0511624988205222
3323.23; 1.051102066167916
3323.712; 1.0506100329150443
3324.195; 1.0511107251019447
3324.677; 1.0505909735577705
3325.159; 1.050457732604235
3325.641; 1.0502954328454748
3326.123; 1.0500952036574838
3326.605; 1.0498313278185034
3327.087; 1.0495005487422835
3327.569; 1.0486921266647056
3328.052; 1.0488355181197717
3328.534; 1.047911657981261
3329.016; 1.0473762890466203
3329.498; 1.0468673825055828
3329.98; 1.0464417372294061
3330.462; 1.0461279149618659
3330.944; 1.0459348392946481
3331.426; 1.0458627591432132
3331.908; 1.0454630362439716
3332.391; 1.0460966159684513
3332.873; 1.045643770248144
3333.355; 1.045474661290675
3333.837; 1.0451620540591842
3334.319; 1.044740379228848
3334.801; 1.0442620418352222
3335.283; 1.0438096575765101
3335.765; 1.0430319541911037
3336.248; 1.043392218864343
3336.73; 1.042819145664706
3337.212; 1.042710326898511
3337.694; 1.0426068398712913
3338.176; 1.0424776323453622
3338.658; 1.0422901525793902
3339.14; 1.0420322717896568
3339.622; 1.0417255242922172
3340.104; 1.0409701406236236
3340.587; 1.041221313771566
3341.069; 1.0404042157677278
3341.551; 1.0399666187778587
3342.033; 1.039502551137835
3342.515; 1.0390389148140842
3342.997; 1.0385891325247765
3343.479; 1.0381784636100846
3343.961; 1.0373917940267052
3344.444; 1.037670787252843
3344.926; 1.0369030797070988
3345.408; 1.0365224871300909
3345.89; 1.0361018061545546
3346.372; 1.035653196627195
3346.854; 1.0351782218885173
3347.336; 1.034693136814402
3347.818; 1.0337752324692313
3348.301; 1.033876608521057
3348.783; 1.0328831691296163
3349.265; 1.0322585575574599
3349.747; 1.031602595391153
3350.229; 1.0309612766897003
3350.711; 1.0303669701456264
3351.193; 1.0298453912401415
3351.675; 1.0294251274081372
3352.157; 1.0286840909658754
3352.64; 1.0290701250971885
3353.122; 1.0284568494217536
3353.604; 1.0282969525642496
3354.086; 1.028169425881402
3354.568; 1.0280875377735426
3355.05; 1.0280377230702482
3355.532; 1.0280031521696575
3356.014; 1.0275148036255097
3356.497; 1.027986566311295
3356.979; 1.0272648554274073
3357.461; 1.0268106775215744
3357.943; 1.026235364784597
3358.425; 1.0256111903803278
3358.907; 1.0249981903403205
3359.389; 1.0244519155382263
3359.871; 1.0235442852972925
3360.354; 1.0241742135485195
3360.835; 1.0222873925097045
3361.318; 1.0229513355798407
3361.8; 1.0221407032557401
3362.282; 1.0217944718290402
3362.764; 1.021505306107844
3363.246; 1.0213072102647742
3363.728; 1.021190167407137
3364.21; 1.0211232314810577
3364.692; 1.0206075459527346
3365.175; 1.0210404159876776
3365.657; 1.0202226062906432
3366.139; 1.0196087771634925
3366.621; 1.0187976018732587
3367.103; 1.0178673465919024
3367.585; 1.0169026858779198
3368.067; 1.0159939213263107
3368.549; 1.0152386117667744
3369.031; 1.0142714102791441
3369.514; 1.0146054768531299
3369.996; 1.0140985159977234
3370.478; 1.014200849594279
3370.96; 1.014427250576716
3371.442; 1.0147130362397945
3371.924; 1.0149701327700091
3372.406; 1.0151344270554297
3372.888; 1.0147247982773302
3373.371; 1.0152044259658584
3373.853; 1.0144455761455298
3374.335; 1.01397523695929
3374.817; 1.0134237503775434
3375.299; 1.0128582051874848
3375.781; 1.0123139372725902
3376.263; 1.0118224697281548
3376.745; 1.0109444635806757
3377.228; 1.0116187373680106
3377.709; 1.0097745564428868
3378.192; 1.0105634817415263
3378.674; 1.0099140382926122
3379.156; 1.0097582062378396
3379.638; 1.0096362521265694
3380.12; 1.009539376339299
3380.602; 1.0094423415668117
3381.084; 1.0093383343597353
3381.566; 1.0087798279174685
3382.049; 1.0092479643316201
3382.531; 1.0085662761535823
3383.013; 1.0082153524720254
3383.495; 1.0077516860815618
3383.977; 1.00718239747731
3384.459; 1.006510146067801
3384.941; 1.005769035534899
3385.423; 1.0045603485270862
3385.906; 1.004435789210604
3386.388; 1.0032686271104343
3386.87; 1.0026110035532896
3387.352; 1.002066434902685
3387.834; 1.0016731786351512
3388.316; 1.0014373345395924
3388.798; 1.0013518244099955
3389.28; 1.0014153039140186
3389.762; 1.001169216487944
3390.245; 1.0020727777510425
3390.727; 1.0019113891225342
3391.209; 1.0021336889281973
3391.691; 1.0022645854432848
3392.173; 1.0022861008788562
3392.655; 1.0021797541149475
3393.137; 1.0019590356222194
3393.619; 1.00120254011881
3394.102; 1.001444818150122
3394.584; 1.0005373203229484
3395.066; 1.0000299156694874
3395.548; 0.9995295621300962
3396.03; 0.9990838291779828
3396.512; 0.9987038106097419
3396.994; 0.998375622323311
3397.476; 0.9980793639268273
3397.958; 0.9973301449843867
3398.441; 0.9976011795398774
3398.923; 0.9966809470062563
3399.405; 0.9961089598209614
3399.887; 0.9955122408513094
3400.369; 0.9949918238019987
3400.851; 0.9946245889892178
3401.333; 0.994464713958017
3401.815; 0.9940591695728601
3402.298; 0.9948552525850697
3402.78; 0.9945628975679255
3403.262; 0.9946090303279403
3403.744; 0.9945057686844372
3404.226; 0.9942665431310747
3404.708; 0.9939309410585422
3405.19; 0.9935733965098325
3405.672; 0.9928069889331157
3406.155; 0.9931837148767981
3406.637; 0.9925028302728139
3407.119; 0.9922816129074101
3407.601; 0.9920799553369914
3408.083; 0.991923529642149
3408.565; 0.9918256785969894
3409.047; 0.9917883382411601
3409.529; 0.9918021645372386
3410.011; 0.9913658009045246
3410.494; 0.9919243676490557
3410.976; 0.9911794744045844
3411.458; 0.9906167450759307
3411.94; 0.9898145411089769
3412.422; 0.9888750779508465
3412.904; 0.9879312200717094
3413.386; 0.9871404719061666
3413.868; 0.9861707980485168
3414.351; 0.9866097106095898
3414.833; 0.9862223704532724
3415.315; 0.9864837477414986
3415.797; 0.9868659954013412
3416.279; 0.9872975567020171
3416.761; 0.9877044328584261
3417.243; 0.9880462736440194
3417.725; 0.9878279906393012
3418.208; 0.9890300194437969
3418.689; 0.9874372299017202
3419.172; 0.9883814475225984
3419.654; 0.9876732140695677
3420.136; 0.9873506751143908
3420.618; 0.9869861143830414
3421.1; 0.9866158377189169
3421.582; 0.9862451974543484
3422.064; 0.9858819622950784
3422.546; 0.9850659121683168
3423.029; 0.9853489320897021
3423.511; 0.9844927653317992
3423.993; 0.984081935455672
3424.475; 0.9837024151944119
3424.957; 0.9833915064279772
3425.439; 0.983143261359755
3425.921; 0.982925650678333
3426.403; 0.9827109659364746
3426.885; 0.982012232609838
3427.368; 0.9823822468527806
3427.85; 0.9815839127618748
3428.332; 0.9812373170545983
3428.814; 0.9809616512546854
3429.296; 0.9808284705896873
3429.778; 0.9808571692997702
3430.26; 0.9810380985121625
3430.742; 0.9808557839718559
3431.225; 0.9817925745206133
3431.707; 0.9815000586601071
3432.189; 0.9814917068485711
3432.671; 0.9813030776920638
3433.153; 0.9809760902092322
3433.635; 0.9805655099641889
3434.117; 0.9801542536115704
3434.599; 0.9793342886539643
3435.082; 0.9802064672033626
3435.563; 0.978464236863945
3436.046; 0.9795607226432651
3436.528; 0.979140501788128
3437.01; 0.9792233929094192
3437.492; 0.9793082644872868
3437.974; 0.9793972658463116
3438.456; 0.9794929870418743
3438.938; 0.9796187290435596
3439.42; 0.9793103179367263
3439.903; 0.9801312079340724
3440.385; 0.9797189026502804
3440.867; 0.9796038000151683
3441.349; 0.9792846199368611
3441.831; 0.978782058991609
3442.313; 0.9781594654583415
3442.795; 0.9775451496283223
3443.277; 0.9766019687889165
3443.76; 0.9770406406875491
3444.242; 0.9765642056030043
3444.724; 0.976743730123428
3445.206; 0.9770142758732533
3445.688; 0.9772677782603224
3446.17; 0.9773996323384597
3446.652; 0.9773621618078879
3447.134; 0.9771923931886268
3447.616; 0.9764883236913494
3448.099; 0.9769567483872967
3448.581; 0.976294648351548
3449.063; 0.9761478752129387
3449.545; 0.9760336881870963
3450.027; 0.9759444097908991
3450.509; 0.9758668342127597
3450.991; 0.9758279068668059
3451.473; 0.9753828938797405
3451.956; 0.9762077653811382
3452.438; 0.9759336739706725
3452.92; 0.9761903539828629
3453.402; 0.9764640036201072
3453.884; 0.9767186325705725
3454.366; 0.9769046820971489
3454.848; 0.9770046828583767
3455.33; 0.9765194092986187
3455.813; 0.9771161074493105
3456.295; 0.9763724533717066
3456.777; 0.9759640193946771
3457.259; 0.9754231086443953
3457.741; 0.9747989318746212
3458.223; 0.9741437307879627
3458.705; 0.9735269055061772
3459.187; 0.973038260805882
3459.669; 0.9722381446495849
3460.152; 0.9728436439683441
3460.634; 0.9723567558868894
3461.116; 0.972421959327872
3461.598; 0.9724829747033313
3462.08; 0.9725077048942298
3462.562; 0.9724736876962016
3463.044; 0.9724007455984824
3463.526; 0.9718024854395992
3464.009; 0.9724242192436966
3464.491; 0.9717551458806978
3464.973; 0.9715275093689786
3465.455; 0.9712507694841133
3465.937; 0.9709726979435753
3466.419; 0.9707420625700559
3466.901; 0.9706154824824322
3467.383; 0.9706556827272607
3467.865; 0.9703616480249503
3468.348; 0.9714766269336285
3468.83; 0.9713622429683081
3469.312; 0.9717150336663491
3469.794; 0.9719601178278053
3470.276; 0.9720804752081683
3470.758; 0.9720672461906762
3471.24; 0.9719416253779358
3471.722; 0.9711682113484226
3472.205; 0.9715631256601894
3472.687; 0.9704227053261263
3473.169; 0.9695475933377251
3473.651; 0.9683960095480091
3474.133; 0.967013668493555
3474.615; 0.9654615806046672
3475.097; 0.963834312971033
3475.579; 0.9616243887720634
3476.062; 0.9613729755150601
3476.543; 0.9578108797962387
3477.026; 0.9575851106717322
3477.508; 0.9553740223715674
3477.99; 0.9536707892522376
3478.472; 0.9518748971067301
3478.954; 0.9499793827581606
3479.436; 0.9479353964392391
3479.918; 0.9456786913823982
3480.4; 0.9425027841316633
3480.883; 0.9403158373972941
3481.365; 0.9360673489940867
3481.847; 0.9317450917971993
3482.329; 0.926794948858674
3482.811; 0.9213465234140938
3483.293; 0.9155534369915191
3483.775; 0.909596291629411
3484.257; 0.9029823672996813
3484.74; 0.8979116843820666
3485.222; 0.8913025162591746
3485.704; 0.8852326818282632
3486.186; 0.8789993508535213
3486.668; 0.8725342146883552
3487.15; 0.8657637651057642
3487.632; 0.8586534816668508
3488.114; 0.8512429860330906
3488.596; 0.8429674588880807
3489.079; 0.8361016863040688
3489.561; 0.8276326741486856
3490.043; 0.8198601115776019
3490.525; 0.812267154028576
3491.007; 0.8049609892621227
3491.489; 0.7979882886792934
3491.971; 0.791375797117847
3492.453; 0.7844606434399816
3492.936; 0.7799275359283679
3493.417; 0.7719720160740178
3493.9; 0.7677783287999107
3494.382; 0.7616179559503402
3494.864; 0.7562485654898474
3495.346; 0.7511412011307534
3495.828; 0.746449821788505
3496.31; 0.7423154439603965
3496.792; 0.7388679145054615
3497.274; 0.7355954363885355
3497.757; 0.7344047835731661
3498.239; 0.7324108182111351
3498.721; 0.7314394602825343
3499.203; 0.7308239219281183
3499.685; 0.7305024562045541
3500.167; 0.730425574114205
3500.649; 0.7305810734946374
3501.131; 0.730416459025543
3501.614; 0.7316704100830806
3502.096; 0.7316612844005419
3502.578; 0.7321091389445433
3503.06; 0.7324475284384839
3503.542; 0.7327039947743882
3504.024; 0.7329545447836241
3504.506; 0.7333277504462833
3504.988; 0.7339858584801104
3505.47; 0.7345540640558827
3505.953; 0.7367611894680608
3506.435; 0.7381105395911645
3506.917; 0.7401738800907964
3507.399; 0.7423026288259833
3507.881; 0.7443500342894414
3508.363; 0.746186678336439
3508.845; 0.7477536895730776
3509.327; 0.7485553348318805
3509.81; 0.7502464314708772
3510.292; 0.7504800732202381
3510.774; 0.750938853350409
3511.256; 0.7511980875205452
3511.738; 0.7513351396632919
3512.22; 0.751426854550624
3512.702; 0.7515775255077031
3513.184; 0.7514038648448158
3513.667; 0.7525738322382683
3514.149; 0.7527550178891099
3514.631; 0.7535183950002928
3515.113; 0.7543118679794796
3515.595; 0.7550448626507775
3516.077; 0.7556193328204278
3516.559; 0.7559767760972884
3517.041; 0.756133757937693
3517.523; 0.7556895147603447
3518.006; 0.7563313540902498
3518.488; 0.7558678012584235
3518.97; 0.7559843924539104
3519.452; 0.7562763383302482
3519.934; 0.7567556354893981
3520.416; 0.7573596500701387
3520.898; 0.757998811701787
3521.38; 0.7581023427708223
3521.863; 0.75913964477141
3522.345; 0.758802126957139
3522.827; 0.7586949396988932
3523.309; 0.7584773397946895
3523.791; 0.7583158904886912
3524.273; 0.7583529315877237
3524.755; 0.7586793017709808
3525.237; 0.7593233874083729
3525.719; 0.7597703299929032
3526.202; 0.7614294794996374
3526.684; 0.7619102480605365
3527.166; 0.7626214328706882
3527.648; 0.7630377639709547
3528.13; 0.7631563093317584
3528.612; 0.7630108823950587
3529.094; 0.7626818888459194
3529.576; 0.7617980714680541
3530.059; 0.7619724204894043
3530.541; 0.7610351398366153
3531.023; 0.7605921031446015
3531.505; 0.760258968303324
3531.987; 0.7601021605013817
3532.469; 0.7601492096234105
3532.951; 0.7604073536046314
3533.433; 0.7603772690348211
3533.916; 0.7619626904662842
3534.397; 0.7609183618549756
3534.88; 0.7624291677614605
3535.362; 0.7622995596741866
3535.844; 0.7625046502638411
3536.326; 0.7626177432235519
3536.808; 0.7626874567527591
3537.29; 0.7627379113829466
3537.772; 0.7627898474450391
3538.254; 0.762396809377752
3538.737; 0.7630546565548307
3539.219; 0.7625684701050742
3539.701; 0.7624641523555742
3540.183; 0.7623413579677492
3540.665; 0.7622649780227239
3541.147; 0.7622894986815092
3541.629; 0.7624821594817028
3542.111; 0.7624567459356849
3542.594; 0.7637367117258033
3543.076; 0.7641694821647861
3543.558; 0.7652311150254221
3544.04; 0.7664366365800772
3544.522; 0.7677057892491277
3545.004; 0.7689132746984029
3545.486; 0.7699337216047228
3545.968; 0.7706949713146494
3546.45; 0.770746767050253
3546.933; 0.771635565698068
3547.415; 0.7713177997654921
3547.897; 0.7714250989071821
3548.379; 0.7716510164447395
3548.861; 0.7720815358206377
3549.343; 0.7727208804858857
3549.825; 0.7735307454994187
3550.307; 0.773986230603179
3550.79; 0.7759509486423619
3551.271; 0.7753075196823849
3551.754; 0.7772149804123378
3552.236; 0.7776333228539964
3552.718; 0.7785506270886138
3553.2; 0.7795542833649535
3553.682; 0.7806581004884885
3554.164; 0.7818282411649649
3554.646; 0.783023807136394
3555.128; 0.7837490346222388
3555.611; 0.785461635507482
3556.093; 0.7859476447619413
3556.575; 0.7867144083832684
3557.057; 0.7873538135989084
3557.539; 0.7879238532429435
3558.021; 0.7884699481575007
3558.503; 0.7890414046828028
3558.985; 0.7892027393425924
3559.468; 0.7904813475452128
3559.95; 0.7905979901353652
3560.432; 0.7910586529179949
3560.914; 0.7914096380149229
3561.396; 0.7917142989398338
3561.878; 0.7920872721786227
3562.36; 0.7927023301312741
3562.842; 0.7937744247327766
3563.324; 0.7950122750821462
3563.807; 0.7980750675187728
3564.289; 0.8005731054523615
3564.771; 0.8038348196249225
3565.253; 0.8069879877049381
3565.735; 0.8095514546959842
3566.217; 0.8110579468866927
3566.699; 0.8111993678430771
3567.181; 0.8093483114432638
3567.664; 0.8073216638535788
3568.146; 0.8027627153904631
3568.628; 0.7976017621608475
3569.11; 0.7914653191513832
3569.592; 0.7844270429420027
3570.074; 0.7764825340451912
3570.556; 0.7676309065121816
3571.038; 0.7573232613895171
3571.521; 0.7475776148375184
3572.003; 0.7358000551719001
3572.485; 0.7242068816270334
3572.967; 0.7126062093469543
3573.449; 0.7014252340031493
3573.931; 0.6910510822310196
3574.413; 0.6818004688151926
3574.895; 0.6739009798588438
3575.377; 0.6668890304114068
3575.86; 0.6625670719991839
3576.342; 0.6580778659418195
3576.824; 0.6550328811410443
3577.306; 0.6525848754030148
3577.788; 0.6504112568468574
3578.27; 0.6481597083669979
3578.752; 0.6455105591495707
3579.234; 0.6416590749669975
3579.717; 0.6381757063556266
3580.199; 0.6324231118818289
3580.681; 0.6262685454072672
3581.163; 0.619458261501532
3581.645; 0.6124080155620102
3582.127; 0.6055895394069548
3582.609; 0.5994751219385294
3583.091; 0.5944860783351558
3583.573; 0.5904319033153032
3584.056; 0.5890673378975437
3584.538; 0.587998304131149
3585.02; 0.5886660964017967
3585.502; 0.5902660776204984
3585.984; 0.5923846008968423
3586.466; 0.5945736537420209
3586.948; 0.5964803319084052
3587.43; 0.5974766965105407
3587.913; 0.5990344251628107
3588.395; 0.5991851176302254
3588.877; 0.5996718050260377
3589.359; 0.6003373787324764
3589.841; 0.6013919308939906
3590.323; 0.6029173544759514
3590.805; 0.6048902639939976
3591.287; 0.6067688291010154
3591.77; 0.6101602978373475
3592.251; 0.6111159494246361
3592.734; 0.6142393814948177
3593.216; 0.6157014028463186
3593.698; 0.6172643844288577
3594.18; 0.6185522066250803
3594.662; 0.6196311206200671
3595.144; 0.6205634587949647
3595.626; 0.6214306693054185
3596.108; 0.6219243977936328
3596.591; 0.6234496980647353
3597.073; 0.6241458717749573
3597.555; 0.6253749734936056
3598.037; 0.6267324908716203
3598.519; 0.6281483121744097
3599.001; 0.629493433278671
3599.483; 0.6306446255567035
3599.965; 0.6311285638383568
3600.448; 0.6322193825170436
3600.93; 0.6320823083427684
3601.412; 0.6321271288931748
3601.894; 0.6321065174648488
3602.376; 0.632148132093125
3602.858; 0.6323388242621324
3603.34; 0.6327464065135195
3603.822; 0.6334485647189234
3604.304; 0.6341464670488225
3604.787; 0.6361501404080221
3605.269; 0.6376209047211983
3605.751; 0.6397206622240744
3606.233; 0.6418679135575701
3606.715; 0.6437681277131262
3607.197; 0.6451096224653079
3607.679; 0.645706676924074
3608.161; 0.6451937364221346
3608.644; 0.6454551363898864
3609.125; 0.6434178283353129
3609.608; 0.6438395536470871
3610.09; 0.6435210435111679
3610.572; 0.6441438614883096
3611.054; 0.6451444347650359
3611.536; 0.6461941037490704
3612.018; 0.6469248181609426
3612.5; 0.6470918300513271
3612.982; 0.6462794203474858
3613.465; 0.6459056813949521
3613.947; 0.6444630888026569
3614.429; 0.6435606506828295
3614.911; 0.6431358867416653
3615.393; 0.6433877329384408
3615.875; 0.6443618194429497
3616.357; 0.6459710514808814
3616.839; 0.6476270127846122
3617.322; 0.65020809651313
3617.804; 0.6515328353196408
3618.286; 0.6524549221121039
3618.768; 0.6523838933453037
3619.25; 0.6513030662056885
3619.732; 0.6494026940333661
3620.214; 0.6470301665934912
3620.696; 0.6445915714624929
3621.178; 0.6420486181525031
3621.661; 0.6408280397701088
3622.143; 0.639145071232733
3622.625; 0.6381662533936877
3623.107; 0.6374315592905192
3623.589; 0.6369344931831654
3624.071; 0.6367988315046862
3624.553; 0.6373024815848611
3625.035; 0.6384374430143513
3625.518; 0.641648656679692
3626.0; 0.6452416365178478
3626.482; 0.6500336966635607
3626.964; 0.6548712756422097
3627.446; 0.6586589301309064
3627.928; 0.6603935409200195
3628.41; 0.6596588856757449
3628.892; 0.6564629380998344
3629.375; 0.6530098284027619
3629.857; 0.648607736288356
3630.339; 0.6453264692814111
3630.821; 0.6431961329325855
3631.303; 0.6422062322835802
3631.785; 0.6420479559836603
3632.267; 0.6422879363020074
3632.749; 0.6425352809464238
3633.231; 0.6421822378787527
3633.714; 0.6423760218499259
3634.196; 0.6414579063440141
3634.678; 0.6408113935149751
3635.16; 0.6402347300156512
3635.642; 0.639802791826131
3636.124; 0.6394843133703927
3636.606; 0.6392035945249785
3637.088; 0.6385258648470633
3637.571; 0.6386097789209747
3638.053; 0.6377375210488132
3638.535; 0.6371751206296391
3639.017; 0.6366415926695673
3639.499; 0.636170360129009
3639.981; 0.6357154705765775
3640.463; 0.6351783132354696
3640.945; 0.634465237503788
3641.427; 0.6331767821067003
3641.91; 0.6325357515147568
3642.392; 0.6309741985758195
3642.874; 0.629914324949773
3643.356; 0.629284903542831
3643.838; 0.6293394137304542
3644.32; 0.6302320881245831
3644.802; 0.6320050462976119
3645.284; 0.6342323985116924
3645.767; 0.6378275977386927
3646.249; 0.6408666153046021
3646.731; 0.6441723132830648
3647.213; 0.647124695614016
3647.695; 0.6494511255087572
3648.177; 0.6508681788990116
3648.659; 0.6511157486768862
3649.141; 0.6496450655726764
3649.624; 0.6479955279064693
3650.105; 0.6431593017579416
3650.588; 0.6397759319224849
3651.07; 0.6352370472669704
3651.552; 0.6317708487314947
3652.034; 0.6295318877697543
3652.516; 0.6288004949230048
3652.998; 0.6295447641095191
3653.48; 0.6314310194552488
3653.962; 0.6335095659340846
3654.445; 0.6361650434310577
3654.927; 0.6370132955583497
3655.409; 0.6367941441568576
3655.891; 0.6352000451338948
3656.373; 0.6326596031826746
3656.855; 0.629777929239167
3657.337; 0.6271204136004653
3657.819; 0.6246906836725775
3658.302; 0.6237621976603519
3658.784; 0.6225433611676412
3659.266; 0.6220279599445735
3659.748; 0.6216896187557173
3660.23; 0.6214032309310666
3660.712; 0.6210932517907004
3661.194; 0.6207278902836774
3661.676; 0.6203012882593748
3662.158; 0.6194551374739151
3662.641; 0.6193015524774864
3663.123; 0.6181497007072217
3663.605; 0.6171604564639345
3664.087; 0.6160741100763094
3664.569; 0.6150414043089882
3665.051; 0.6142579377676602
3665.533; 0.6139606029532991
3666.015; 0.6140332230944002
3666.498; 0.6160633081011186
3666.979; 0.6170170711114176
3667.462; 0.6204896248812151
3667.944; 0.6229558920516592
3668.426; 0.6251285130074071
3668.908; 0.6259475687870444
3669.39; 0.62497951519388
3669.872; 0.622317756139741
3670.354; 0.6186344169708607
3670.836; 0.6146165025948953
3671.319; 0.612446241828287
3671.801; 0.6112974349142317
3672.283; 0.6126952488021546
3672.765; 0.616166433608732
3673.247; 0.6209692849309306
3673.729; 0.6258082279719466
3674.211; 0.629195991516458
3674.693; 0.6297002933132749
3675.176; 0.6282734288162916
3675.658; 0.6240543373983334
3676.14; 0.6194446127116531
3676.622; 0.6152512197050013
3677.104; 0.6121131563945811
3677.586; 0.6101035401895551
3678.068; 0.6089082798119291
3678.55; 0.6080730188780308
3679.032; 0.6068618237675056
3679.515; 0.6062035579566877
3679.997; 0.6044468790905282
3680.479; 0.602868292296844
3680.961; 0.6012803724606984
3681.443; 0.5997514810320183
3681.925; 0.598238984519858
3682.407; 0.5966790062739591
3682.889; 0.5947409459572088
3683.372; 0.5936854452089254
3683.854; 0.592178171632727
3684.336; 0.5917049995906352
3684.818; 0.592250693603864
3685.3; 0.5939497564762042
3685.782; 0.5966465694562831
3686.264; 0.599900920266998
3686.746; 0.6027449966151117
3687.229; 0.6055896071890154
3687.711; 0.6064101800256898
3688.193; 0.6061956629990332
3688.675; 0.6048789111092082
3689.157; 0.6028715939389295
3689.639; 0.6005271664269902
3690.121; 0.5980436075268005
3690.603; 0.5954914518512839
3691.085; 0.5925508648916127
3691.568; 0.5904097198233211
3692.05; 0.5875528800107819
3692.532; 0.585294092009262
3693.014; 0.5834556747394741
3693.496; 0.5821024912441672
3693.978; 0.5811535634648897
3694.46; 0.5804254323319685
3694.942; 0.5793585659548808
3695.425; 0.5788829273324414
3695.907; 0.5773321990240103
3696.389; 0.5759275479670549
3696.871; 0.5745696244960012
3697.353; 0.5735202324901503
3697.835; 0.572960261146384
3698.317; 0.5729337936824457
3698.799; 0.5733372081138266
3699.281; 0.5736047894068627
3699.764; 0.5745092784268386
3700.246; 0.5741570488599348
3700.728; 0.5734331181676713
3701.21; 0.5719586024631391
3701.692; 0.5698257748759439
3702.174; 0.5672176815230228
3702.656; 0.5643728059928583
3703.138; 0.5611896000480736
3703.621; 0.5589729540955343
3704.103; 0.5562535485259488
3704.585; 0.5542478297932414
3705.067; 0.5526860226836031
3705.549; 0.5515878733083832
3706.031; 0.5509225754438669
3706.513; 0.5506447805769634
3706.995; 0.5503722113402647
3707.478; 0.5514550664159137
3707.959; 0.5509115630360415
3708.442; 0.5524124986180583
3708.924; 0.5529201256511644
3709.406; 0.5536431087401974
3709.888; 0.5539688852001758
3710.37; 0.5535534601610215
3710.852; 0.5520824608674931
3711.334; 0.5494158810436358
3711.816; 0.5453181629542503
3712.299; 0.5412466135176334
3712.781; 0.5360389268924726
3713.263; 0.5312996102074743
3713.745; 0.5270722547224924
3714.227; 0.5235738829745271
3714.709; 0.5208338339958714
3715.191; 0.5187467794063811
3715.673; 0.5167856617272282
3716.156; 0.5158121064391175
3716.638; 0.51403194733262
3717.12; 0.5124215301052195
3717.602; 0.5106319697385788
3718.084; 0.5087151123791117
3718.566; 0.5067390284871847
3719.048; 0.5047539868259836
3719.53; 0.5027737868305301
3720.012; 0.5004326664385399
3720.495; 0.4987372975622235
3720.977; 0.49604210160001905
3721.459; 0.49341549394090156
3721.941; 0.49059428283875917
3722.423; 0.48769997337337445
3722.905; 0.48485639377062184
3723.387; 0.48214930664386635
3723.869; 0.4792232212658517
3724.352; 0.47733366965940094
3724.833; 0.4732358930332713
3725.316; 0.47039573726415584
3725.798; 0.4656254785218722
3726.28; 0.4603320124250283
3726.762; 0.4544068546534419
3727.244; 0.4482670462713232
3727.726; 0.44238859145162723
3728.208; 0.437187049742907
3728.69; 0.43256406500277333
3729.173; 0.42953192054507583
3729.655; 0.4262238182415359
3730.137; 0.4231901952762239
3730.619; 0.41957084240843157
3731.101; 0.41499429837536617
3731.583; 0.4093968437948462
3732.065; 0.403048027920199
3732.547; 0.3960534176574436
3733.03; 0.38977980371494403
3733.512; 0.382678546584199
3733.994; 0.3753632521220617
3734.476; 0.36676672651758935
3734.958; 0.3560899016394957
3735.44; 0.34275338210066875
3735.922; 0.32652900867260715
3736.404; 0.3073996893114268
3736.886; 0.28482474848126926
3737.369; 0.2589218912233082
3737.851; 0.22567928894202005
3738.333; 0.17987015497485548
3738.815; 0.0986688656044653
3739.297; 0.09919804532377807
